<html lang="en"><head>
<meta charset="utf-8"/>
<meta content="IE=Edge,chrome=1" http-equiv="X-UA-Compatible"/>
<meta content="width=device-width, initial-scale=1.0" name="viewport"/>
<meta content="Zkz-4-7DH8kEHMP8bYMX6aCY-8p_f-rI_poBzSWKrFc" name="google-site-verification"/>
<meta content="6b5572019142833518f54f7726494a427a3a7467ee468663720022a03657f57c" name="ahrefs-site-verification"/>
<meta content="Free hosted Node.js, Debian, RPM, Java, Python and RubyGem repositories. Chef, Puppet, Jenkins, Buildkite, CircleCI and Travis CI integrations." name="description"/><meta content="Packagecloud" property="og:site_name"/><meta content="website" property="og:type"/><meta content="Free hosted Node.js, Debian, RPM, Java, Python and RubyGem repositories. Chef, Puppet, Jenkins, Buildkite, CircleCI and Travis CI integrations." property="og:description"/><meta content="https://packagecloud.io/" property="og:url"/><meta content="Private NPM registry and Maven, RPM, DEB, PyPi and RubyGem Repository · packagecloud" property="og:title"/>
<script async="" src="//www.google-analytics.com/analytics.js"></script><script type="application/ld+json">{"@context":"http://schema.org","@type":"Organization","description":"Free hosted Node.js, Debian, RPM, Java, Python and RubyGem repositories. Chef, Puppet, Jenkins, Buildkite, CircleCI and Travis CI integrations.","url":"https://packagecloud.io/","logo":"https://packagecloud.io/https://assets-production.packagecloud.io/assets/packagecloud_logo_800w_200h-49e0bbd05255bb0bad8fdf24e7d000049d2484e296b103aae4106aa03be5e598.jpg","sameAs":"https://twitter.com/packagecloudio"}</script>
<link href="https://packagecloud.io/" rel="canonical"/>
<title>Private NPM registry and Maven, RPM, DEB, PyPi and RubyGem Repository · packagecloud</title>
<meta content="authenticity_token" name="csrf-param"/>
<meta content="g9fhLqYp8N3IfuSwiFCD0wkiIMSTg00RG0Fc798phNKn+HwD70hUevw9FboXpEOmchZWY4jYF8k5297nfaLUMw==" name="csrf-token"/>
<link href="https://assets-production.packagecloud.io/assets/packs/_/assets/images/favicon-50091bcb5eaba1f5ea2ece7b30e0b074.ico" rel="shortcut icon" type="image/x-icon"/>
<link href="https://assets-production.packagecloud.io/assets/packs/logged_out-0b786da4db6e1aa1344f42a57e20f4c9.css" media="all" rel="stylesheet"/>
<style media="screen" type="text/css">
      /* We need this to block out the FOUC from loading the angular app at the */
      /* bottom the document. More here https://docs.angularjs.org/api/ng/directive/ngCloak */
      [ng\:cloak], [ng-cloak], [data-ng-cloak], [x-ng-cloak], .ng-cloak, .x-ng-cloak {
        display: none !important;
      }
    </style>
</head>
<body class="front-page">
<div class="navbar navbar-top">
<div class="inner-container">
<div class="navbar-header">
<a class="navbar-brand" href="/">
<svg height="30" viewbox="0 0 233 30" width="233" xmlns="http://www.w3.org/2000/svg">
<g fill="none" fill-rule="evenodd">
<path d="M22.1258923 10.7385876C20.6268657 7.35687264 17.2991564 5 13.4250487 5 8.14925373 5 3.87410772 9.36286255 3.87410772 14.7452711 3.87410772 15.0789407 3.88968202 15.4099622 3.92212849 15.7356873 1.6807268 16.2348676 0 18.3706179 0 20.8069357 0 23.6166456 2.23361454 26 4.9889682 26L24.4568462 26C28.6229721 26 32 22.4435057 32 18.1786255 32 13.9177175 28.6229721 10.358575 24.4568462 10.358575 23.6430889 10.358575 22.8604802 10.4936318 22.1258923 10.7385876zM46.904 19.744C47.3520022 20.2880027 47.8399974 20.6719989 48.368 20.896 48.8960026 21.1200011 49.4693302 21.232 50.088 21.232 50.6853363 21.232 51.2239976 21.1200011 51.704 20.896 52.1840024 20.6719989 52.5919983 20.330669 52.928 19.872 53.2640017 19.413331 53.5226658 18.8346702 53.704 18.136 53.8853342 17.4373298 53.976 16.6133381 53.976 15.664 53.976 14.7039952 53.8986674 13.89067 53.744 13.224 53.5893326 12.55733 53.3680014 12.0160021 53.08 11.6 52.7919986 11.1839979 52.4426687 10.880001 52.032 10.688 51.6213313 10.495999 51.1546693 10.4 50.632 10.4 49.8106626 10.4 49.1120029 10.5733316 48.536 10.92 47.9599971 11.2666684 47.4160026 11.7546635 46.904 12.384L46.904 19.744zM46.696 9.824C47.3680034 9.06666288 48.1306624 8.45333568 48.984 7.984 49.8373376 7.51466432 50.8399942 7.28 51.992 7.28 52.8880045 7.28 53.706663 7.4666648 54.448 7.84 55.189337 8.2133352 55.8293306 8.75466312 56.368 9.464 56.9066694 10.1733369 57.3226652 11.0479948 57.616 12.088 57.9093348 13.1280052 58.056 14.3199933 58.056 15.664 58.056 16.8906728 57.8906683 18.0266614 57.56 19.072 57.2293317 20.1173386 56.7573364 21.0239962 56.144 21.792 55.5306636 22.5600038 54.7893377 23.1599978 53.92 23.592 53.0506623 24.0240022 52.0773387 24.24 51 24.24 50.0826621 24.24 49.2986699 24.0986681 48.648 23.816 47.9973301 23.5333319 47.4160026 23.1413358 46.904 22.64L46.904 29.36 42.952 29.36 42.952 7.584 45.368 7.584C45.8800026 7.584 46.2159992 7.8239976 46.376 8.304L46.696 9.824zM69.4000001 16.992C68.2586611 17.0453336 67.2986707 17.1439993 66.5200001 17.288 65.7413296 17.4320007 65.1173358 17.6159989 64.6480001 17.84 64.1786645 18.0640011 63.8426678 18.3253318 63.6400001 18.624 63.4373325 18.9226682 63.3360001 19.2479982 63.3360001 19.6 63.3360001 20.2933368 63.5413314 20.7893318 63.9520001 21.088 64.3626689 21.3866682 64.8986635 21.536 65.5600001 21.536 66.3706709 21.536 67.0719972 21.3893348 67.6640001 21.096 68.2560031 20.8026652 68.834664 20.3573363 69.4000001 19.76L69.4000001 16.992zM60.3440001 9.872C62.2320096 8.14399136 64.5039869 7.28 67.1600001 7.28 68.1200049 7.28 68.978663 7.43733176 69.7360001 7.752 70.4933373 8.06666824 71.1333309 8.5039972 71.6560001 9.064 72.1786694 9.6240028 72.5759988 10.2933294 72.8480001 11.072 73.1200015 11.8506706 73.2560001 12.7039954 73.2560001 13.632L73.2560001 24 71.4640001 24C71.0906649 24 70.8026678 23.9440006 70.6000001 23.832 70.3973325 23.7199994 70.2373341 23.493335 70.1200001 23.152L69.7680001 21.968C69.3519981 22.3413352 68.9466688 22.6693319 68.5520001 22.952 68.1573315 23.2346681 67.7466689 23.471999 67.3200001 23.664 66.8933313 23.856001 66.4373359 24.0026662 65.9520001 24.104 65.4666644 24.2053338 64.9306697 24.256 64.3440001 24.256 63.6506633 24.256 63.0106697 24.1626676 62.4240001 23.976 61.8373305 23.7893324 61.3306689 23.5093352 60.9040001 23.136 60.4773313 22.7626648 60.146668 22.2986694 59.9120001 21.744 59.6773323 21.1893306 59.5600001 20.5440037 59.5600001 19.808 59.5600001 19.3919979 59.6293328 18.9786687 59.7680001 18.568 59.9066675 18.1573313 60.1333319 17.7653352 60.4480001 17.392 60.7626684 17.0186648 61.1706643 16.6666683 61.6720001 16.336 62.173336 16.0053317 62.7893298 15.7173346 63.5200001 15.472 64.2506705 15.2266654 65.1013286 15.0266674 66.0720001 14.872 67.0426717 14.7173326 68.1519939 14.6240002 69.4000001 14.592L69.4000001 13.632C69.4000001 12.5333278 69.1653358 11.7200026 68.6960001 11.192 68.2266645 10.6639974 67.5493379 10.4 66.6640001 10.4 66.0239969 10.4 65.4933356 10.4746659 65.0720001 10.624 64.6506647 10.7733341 64.2800017 10.9413324 63.9600001 11.128 63.6399985 11.3146676 63.3493348 11.4826659 63.0880001 11.632 62.8266655 11.7813341 62.5360017 11.856 62.2160001 11.856 61.9386654 11.856 61.7040011 11.7840007 61.5120001 11.64 61.3199992 11.4959993 61.1653341 11.328001 61.0480001 11.136L60.3440001 9.872zM88.3280003 11.056C88.2106664 11.2053341 88.0960008 11.3226662 87.9840003 11.408 87.8719997 11.4933338 87.7093347 11.536 87.4960003 11.536 87.2933326 11.536 87.0960012 11.4746673 86.9040003 11.352 86.7119993 11.2293327 86.4826683 11.0906674 86.2160003 10.936 85.9493323 10.7813326 85.6320021 10.6426673 85.2640003 10.52 84.8959984 10.3973327 84.440003 10.336 83.8960003 10.336 83.2026635 10.336 82.5946696 10.4613321 82.0720003 10.712 81.549331 10.9626679 81.1146687 11.3226643 80.7680003 11.792 80.4213319 12.2613357 80.1626678 12.82933 79.9920003 13.496 79.8213328 14.16267 79.7360003 14.9173291 79.7360003 15.76 79.7360003 16.634671 79.8293327 17.4133299 80.0160003 18.096 80.2026679 18.7786701 80.4719985 19.3519977 80.8240003 19.816 81.176002 20.2800023 81.6026644 20.6319988 82.1040003 20.872 82.6053361 21.1120012 83.1706638 21.232 83.8000003 21.232 84.4293368 21.232 84.938665 21.1546674 85.3280003 21 85.7173356 20.8453326 86.0453323 20.6746676 86.3120003 20.488 86.5786683 20.3013324 86.810666 20.1306674 87.0080003 19.976 87.2053346 19.8213326 87.4266657 19.744 87.6720003 19.744 87.9920019 19.744 88.2319995 19.8666654 88.3920003 20.112L89.5280003 21.552C89.0906648 22.0640026 88.6160028 22.4933316 88.1040003 22.84 87.5919977 23.1866684 87.0613364 23.463999 86.5120003 23.672 85.9626642 23.880001 85.3973365 24.0266662 84.8160003 24.112 84.234664 24.1973338 83.6560032 24.24 83.0800003 24.24 82.0666619 24.24 81.1120048 24.0506686 80.2160003 23.672 79.3199958 23.2933314 78.5360036 22.741337 77.8640003 22.016 77.1919969 21.290663 76.6613356 20.4026719 76.2720003 19.352 75.882665 18.3013281 75.6880003 17.1040067 75.6880003 15.76 75.6880003 14.5546606 75.8613319 13.4373385 76.2080003 12.408 76.5546687 11.3786615 77.0639969 10.4880038 77.7360003 9.736 78.4080036 8.98399624 79.2399953 8.3946688 80.2320003 7.968 81.2240052 7.5413312 82.3653272 7.328 83.6560003 7.328 84.8826731 7.328 85.957329 7.52533136 86.8800003 7.92 87.8026716 8.31466864 88.6319966 8.87999632 89.3680003 9.616L88.3280003 11.056zM95.5440004.224L95.5440004 13.84 96.2800004 13.84C96.5466684 13.84 96.757333 13.8053337 96.9120004 13.736 97.0666679 13.6666663 97.2239996 13.5253344 97.3840004 13.312L101.464 8.272C101.634668 8.04799888 101.823999 7.87733392 102.032 7.76 102.240001 7.64266608 102.509332 7.584 102.84 7.584L106.456 7.584 101.352 13.68C100.989332 14.1600024 100.594669 14.5279987 100.168 14.784 100.392002 14.9440008 100.592 15.1306656 100.768 15.344 100.944001 15.5573344 101.112 15.7866654 101.272 16.032L106.744 24 103.176 24C102.866666 24 102.600002 23.9493338 102.376 23.848 102.151999 23.7466662 101.965335 23.562668 101.816 23.296L97.6240004 17.072C97.4746663 16.8266654 97.3200012 16.666667 97.1600004 16.592 96.9999996 16.517333 96.760002 16.48 96.4400004 16.48L95.5440004 16.48 95.5440004 24 91.5920004 24 91.5920004.224 95.5440004.224zM116.968001 16.992C115.826662 17.0453336 114.866671 17.1439993 114.088001 17.288 113.30933 17.4320007 112.685336 17.6159989 112.216001 17.84 111.746665 18.0640011 111.410668 18.3253318 111.208001 18.624 111.005333 18.9226682 110.904001 19.2479982 110.904001 19.6 110.904001 20.2933368 111.109332 20.7893318 111.520001 21.088 111.930669 21.3866682 112.466664 21.536 113.128001 21.536 113.938671 21.536 114.639998 21.3893348 115.232001 21.096 115.824004 20.8026652 116.402664 20.3573363 116.968001 19.76L116.968001 16.992zM107.912001 9.872C109.80001 8.14399136 112.071987 7.28 114.728001 7.28 115.688005 7.28 116.546663 7.43733176 117.304001 7.752 118.061338 8.06666824 118.701331 8.5039972 119.224001 9.064 119.74667 9.6240028 120.143999 10.2933294 120.416001 11.072 120.688002 11.8506706 120.824001 12.7039954 120.824001 13.632L120.824001 24 119.032001 24C118.658665 24 118.370668 23.9440006 118.168001 23.832 117.965333 23.7199994 117.805334 23.493335 117.688001 23.152L117.336001 21.968C116.919998 22.3413352 116.514669 22.6693319 116.120001 22.952 115.725332 23.2346681 115.314669 23.471999 114.888001 23.664 114.461332 23.856001 114.005336 24.0026662 113.520001 24.104 113.034665 24.2053338 112.49867 24.256 111.912001 24.256 111.218664 24.256 110.57867 24.1626676 109.992001 23.976 109.405331 23.7893324 108.898669 23.5093352 108.472001 23.136 108.045332 22.7626648 107.714668 22.2986694 107.480001 21.744 107.245333 21.1893306 107.128001 20.5440037 107.128001 19.808 107.128001 19.3919979 107.197333 18.9786687 107.336001 18.568 107.474668 18.1573313 107.701332 17.7653352 108.016001 17.392 108.330669 17.0186648 108.738665 16.6666683 109.240001 16.336 109.741336 16.0053317 110.35733 15.7173346 111.088001 15.472 111.818671 15.2266654 112.669329 15.0266674 113.640001 14.872 114.610672 14.7173326 115.719994 14.6240002 116.968001 14.592L116.968001 13.632C116.968001 12.5333278 116.733336 11.7200026 116.264001 11.192 115.794665 10.6639974 115.117338 10.4 114.232001 10.4 113.591997 10.4 113.061336 10.4746659 112.640001 10.624 112.218665 10.7733341 111.848002 10.9413324 111.528001 11.128 111.207999 11.3146676 110.917335 11.4826659 110.656001 11.632 110.394666 11.7813341 110.104002 11.856 109.784001 11.856 109.506666 11.856 109.272002 11.7840007 109.080001 11.64 108.888 11.4959993 108.733334 11.328001 108.616001 11.136L107.912001 9.872zM130.136001 15.392C130.62667 15.392 131.053332 15.325334 131.416001 15.192 131.778669 15.058666 132.08 14.8746678 132.320001 14.64 132.560002 14.4053322 132.741333 14.1226683 132.864001 13.792 132.986668 13.4613317 133.048001 13.0986686 133.048001 12.704 133.048001 11.8933293 132.805336 11.250669 132.320001 10.776 131.834665 10.301331 131.106672 10.064 130.136001 10.064 129.165329 10.064 128.437336 10.301331 127.952001 10.776 127.466665 11.250669 127.224001 11.8933293 127.224001 12.704 127.224001 13.0880019 127.285333 13.4453317 127.408001 13.776 127.530668 14.1066683 127.712 14.3919988 127.952001 14.632 128.192002 14.8720012 128.495999 15.058666 128.864001 15.192 129.232003 15.325334 129.655998 15.392 130.136001 15.392zM134.600001 24.736C134.600001 24.4159984 134.504002 24.1546677 134.312001 23.952 134.12 23.7493323 133.858669 23.5920006 133.528001 23.48 133.197332 23.3679994 132.81067 23.2853336 132.368001 23.232 131.925332 23.1786664 131.456003 23.1386668 130.960001 23.112 130.463998 23.0853332 129.952003 23.0613334 129.424001 23.04 128.895998 23.0186666 128.381337 22.9760003 127.880001 22.912 127.442665 23.1573346 127.088002 23.4453317 126.816001 23.776 126.543999 24.1066683 126.408001 24.4906645 126.408001 24.928 126.408001 25.2160014 126.48 25.4853321 126.624001 25.736 126.768001 25.9866679 126.997332 26.2026658 127.312001 26.384 127.626669 26.5653342 128.034665 26.7066662 128.536001 26.808 129.037337 26.9093338 129.650664 26.96 130.376001 26.96 131.112004 26.96 131.746665 26.9040006 132.280001 26.792 132.813337 26.6799994 133.253332 26.5253343 133.600001 26.328 133.946669 26.1306657 134.2 25.8960014 134.360001 25.624 134.520002 25.3519986 134.600001 25.0560016 134.600001 24.736zM138.536001 8.144L138.536001 9.616C138.536001 10.0853357 138.253337 10.3733328 137.688001 10.48L136.216001 10.752C136.440002 11.3173362 136.552001 11.9359966 136.552001 12.608 136.552001 13.4186707 136.389336 14.1519967 136.064001 14.808 135.738666 15.4640033 135.288004 16.021331 134.712001 16.48 134.135998 16.938669 133.456005 17.2933321 132.672001 17.544 131.887997 17.7946679 131.042672 17.92 130.136001 17.92 129.815999 17.92 129.506669 17.9040002 129.208001 17.872 128.909333 17.8399998 128.616002 17.7973336 128.328001 17.744 127.815998 18.0533349 127.560001 18.3999981 127.560001 18.784 127.560001 19.1146683 127.711999 19.3573326 128.016001 19.512 128.320002 19.6666674 128.722665 19.7759997 129.224001 19.84 129.725337 19.9040003 130.295998 19.9439999 130.936001 19.96 131.576004 19.9760001 132.231997 20.0106664 132.904001 20.064 133.576004 20.1173336 134.231998 20.210666 134.872001 20.344 135.512004 20.477334 136.082665 20.6879986 136.584001 20.976 137.085337 21.2640014 137.487999 21.6559975 137.792001 22.152 138.096002 22.6480025 138.248001 23.2853294 138.248001 24.064 138.248001 24.789337 138.069336 25.4933299 137.712001 26.176 137.354666 26.8586701 136.837337 27.466664 136.160001 28 135.482664 28.533336 134.650672 28.962665 133.664001 29.288 132.677329 29.613335 131.554674 29.776 130.296001 29.776 129.058661 29.776 127.981339 29.6560012 127.064001 29.416 126.146663 29.1759988 125.384004 28.856002 124.776001 28.456 124.167998 28.055998 123.714669 27.5946693 123.416001 27.072 123.117333 26.5493307 122.968001 26.0053362 122.968001 25.44 122.968001 24.6719962 123.199998 24.0293359 123.664001 23.512 124.128003 22.9946641 124.76533 22.5813349 125.576001 22.272 125.138665 22.0479989 124.792002 21.7493352 124.536001 21.376 124.279999 21.0026648 124.152001 20.512003 124.152001 19.904 124.152001 19.6586654 124.197334 19.4053346 124.288001 19.144 124.378668 18.8826654 124.512 18.6240013 124.688001 18.368 124.864002 18.1119987 125.085333 17.8693345 125.352001 17.64 125.618669 17.4106655 125.933332 17.2053342 126.296001 17.024 125.463997 16.5759978 124.81067 15.9786704 124.336001 15.232 123.861332 14.4853296 123.624001 13.6106717 123.624001 12.608 123.624001 11.7973293 123.786666 11.0640033 124.112001 10.408 124.437336 9.75199672 124.890664 9.19200232 125.472001 8.728 126.053337 8.26399768 126.74133 7.90933456 127.536001 7.664 128.330671 7.41866544 129.197329 7.296 130.136001 7.296 130.840004 7.296 131.501331 7.36799928 132.120001 7.512 132.73867 7.65600072 133.303998 7.86666528 133.816001 8.144L138.536001 8.144zM150.920001 13.904C150.920001 13.3919974 150.848002 12.9093356 150.704001 12.456 150.56 12.0026644 150.344002 11.605335 150.056001 11.264 149.767999 10.922665 149.40267 10.6533343 148.960001 10.456 148.517332 10.2586657 148.00267 10.16 147.416001 10.16 146.274662 10.16 145.376004 10.4853301 144.720001 11.136 144.063998 11.7866699 143.645335 12.7093274 143.464001 13.904L150.920001 13.904zM143.384001 16.288C143.448001 17.1306709 143.597333 17.8586636 143.832001 18.472 144.066669 19.0853364 144.375999 19.591998 144.760001 19.992 145.144003 20.392002 145.599998 20.6906657 146.128001 20.888 146.656003 21.0853343 147.239998 21.184 147.880001 21.184 148.520004 21.184 149.071999 21.1093341 149.536001 20.96 150.000003 20.8106659 150.405332 20.6453342 150.752001 20.464 151.098669 20.2826658 151.402666 20.1173341 151.664001 19.968 151.925335 19.8186659 152.178666 19.744 152.424001 19.744 152.754669 19.744 153 19.8666654 153.160001 20.112L154.296001 21.552C153.858665 22.0640026 153.368004 22.4933316 152.824001 22.84 152.279998 23.1866684 151.712004 23.463999 151.120001 23.672 150.527998 23.880001 149.925337 24.0266662 149.312001 24.112 148.698664 24.1973338 148.104004 24.24 147.528001 24.24 146.386662 24.24 145.325339 24.0506686 144.344001 23.672 143.362663 23.2933314 142.509338 22.733337 141.784001 21.992 141.058664 21.250663 140.488003 20.3333388 140.072001 19.24 139.655999 18.1466612 139.448001 16.8800072 139.448001 15.44 139.448001 14.3199944 139.629332 13.2666716 139.992001 12.28 140.354669 11.2933284 140.874664 10.4346703 141.552001 9.704 142.229338 8.97332968 143.055996 8.3946688 144.032001 7.968 145.008006 7.5413312 146.109328 7.328 147.336001 7.328 148.370673 7.328 149.32533 7.49333168 150.200001 7.824 151.074672 8.15466832 151.826664 8.63733016 152.456001 9.272 153.085337 9.90666984 153.578666 10.6853287 153.936001 11.608 154.293336 12.5306713 154.472001 13.5839941 154.472001 14.768 154.472001 15.3653363 154.408001 15.767999 154.280001 15.976 154.152 16.184001 153.906669 16.288 153.544001 16.288L143.384001 16.288zM168.408001 10.208C168.354667 10.2613336 168.304001 10.3066665 168.256001 10.344 168.208001 10.3813335 168.141335 10.4 168.056001 10.4 167.949334 10.4 167.805335 10.3280007 167.624001 10.184 167.442667 10.0399993 167.197336 9.88266752 166.888001 9.712 166.578666 9.54133248 166.192003 9.38400072 165.728001 9.24 165.263999 9.09599928 164.701338 9.024 164.040001 9.024 163.122663 9.024 162.309338 9.18666504 161.600001 9.512 160.890664 9.83733496 160.29067 10.303997 159.800001 10.912 159.309332 11.520003 158.938669 12.2559957 158.688001 13.12 158.437333 13.9840043 158.312001 14.9546613 158.312001 16.032 158.312001 17.1520056 158.442666 18.1439957 158.704001 19.008 158.965336 19.8720043 159.335999 20.599997 159.816001 21.192 160.296003 21.784003 160.877331 22.2346651 161.560001 22.544 162.242671 22.8533349 162.999997 23.008 163.832001 23.008 164.600005 23.008 165.242665 22.9173342 165.760001 22.736 166.277337 22.5546658 166.703999 22.3573344 167.040001 22.144 167.376003 21.9306656 167.64 21.7333342 167.832001 21.552 168.024002 21.3706658 168.184 21.28 168.312001 21.28 168.440002 21.28 168.546667 21.3333328 168.632001 21.44L169.032001 21.952C168.786666 22.2720016 168.477336 22.5706653 168.104001 22.848 167.730666 23.1253347 167.309337 23.3653323 166.840001 23.568 166.370665 23.7706677 165.861337 23.9279994 165.312001 24.04 164.762665 24.1520006 164.189337 24.208 163.592001 24.208 162.578663 24.208 161.653339 24.0240018 160.816001 23.656 159.978663 23.2879982 159.258671 22.7546702 158.656001 22.056 158.053331 21.3573298 157.584003 20.5013384 157.248001 19.488 156.911999 18.4746616 156.744001 17.3226731 156.744001 16.032 156.744001 14.8159939 156.903999 13.7066717 157.224001 12.704 157.544003 11.7013283 158.013331 10.837337 158.632001 10.112 159.250671 9.38666304 160.00533 8.824002 160.896001 8.424 161.786672 8.023998 162.807995 7.824 163.960001 7.824 164.994673 7.824 165.911997 7.98933168 166.712001 8.32 167.512005 8.65066832 168.210665 9.09866384 168.808001 9.664L168.408001 10.208zM174.072001.72L174.072001 24 172.536001 24 172.536001.72 174.072001.72zM185.368001 7.824C186.50934 7.824 187.530663 8.01866472 188.432001 8.408 189.333339 8.79733528 190.093332 9.34932976 190.712001 10.064 191.330671 10.7786702 191.802666 11.639995 192.128001 12.648 192.453336 13.656005 192.616001 14.7839938 192.616001 16.032 192.616001 17.2800062 192.453336 18.4053283 192.128001 19.408 191.802666 20.4106717 191.330671 21.2693298 190.712001 21.984 190.093332 22.6986702 189.333339 23.2479981 188.432001 23.632 187.530663 24.0160019 186.50934 24.208 185.368001 24.208 184.226662 24.208 183.205339 24.0160019 182.304001 23.632 181.402663 23.2479981 180.640004 22.6986702 180.016001 21.984 179.391998 21.2693298 178.917336 20.4106717 178.592001 19.408 178.266666 18.4053283 178.104001 17.2800062 178.104001 16.032 178.104001 14.7839938 178.266666 13.656005 178.592001 12.648 178.917336 11.639995 179.391998 10.7786702 180.016001 10.064 180.640004 9.34932976 181.402663 8.79733528 182.304001 8.408 183.205339 8.01866472 184.226662 7.824 185.368001 7.824zM185.368001 23.008C186.317339 23.008 187.146664 22.845335 187.856001 22.52 188.565338 22.194665 189.157332 21.728003 189.632001 21.12 190.10667 20.511997 190.461333 19.778671 190.696001 18.92 190.930669 18.061329 191.048001 17.098672 191.048001 16.032 191.048001 14.9759947 190.930669 14.0160043 190.696001 13.152 190.461333 12.2879957 190.10667 11.5493364 189.632001 10.936 189.157332 10.3226636 188.565338 9.85066832 187.856001 9.52 187.146664 9.18933168 186.317339 9.024 185.368001 9.024 184.418663 9.024 183.589338 9.18933168 182.880001 9.52 182.170664 9.85066832 181.57867 10.3226636 181.104001 10.936 180.629332 11.5493364 180.272002 12.2879957 180.032001 13.152 179.792 14.0160043 179.672001 14.9759947 179.672001 16.032 179.672001 17.098672 179.792 18.061329 180.032001 18.92 180.272002 19.778671 180.629332 20.511997 181.104001 21.12 181.57867 21.728003 182.170664 22.194665 182.880001 22.52 183.589338 22.845335 184.418663 23.008 185.368001 23.008zM208.872001 8.08L208.872001 24 208.024001 24C207.757333 24 207.602668 23.8613347 207.560001 23.584L207.416001 21.216C206.679998 22.1333379 205.82934 22.8693306 204.864001 23.424 203.898663 23.9786694 202.824007 24.256 201.640001 24.256 200.754664 24.256 199.981338 24.1173347 199.320001 23.84 198.658665 23.5626653 198.109337 23.1626693 197.672001 22.64 197.234666 22.1173307 196.904003 21.4880037 196.680001 20.752 196.456 20.0159963 196.344001 19.1840046 196.344001 18.256L196.344001 8.08 197.880001 8.08 197.880001 18.256C197.880001 19.7493408 198.221331 20.9199958 198.904001 21.768 199.586672 22.6160042 200.626661 23.04 202.024001 23.04 203.058673 23.04 204.026664 22.7760026 204.928001 22.248 205.829339 21.7199974 206.631998 20.9866714 207.336001 20.048L207.336001 8.08 208.872001 8.08zM224.568002 11.504C223.959999 10.5866621 223.285339 9.9413352 222.544002 9.568 221.802665 9.1946648 220.95734 9.008 220.008002 9.008 219.06933 9.008 218.248005 9.17866496 217.544002 9.52 216.839998 9.86133504 216.250671 10.3439969 215.776002 10.968 215.301333 11.5920031 214.944003 12.3386623 214.704002 13.208 214.464 14.0773377 214.344002 15.0346614 214.344002 16.08 214.344002 18.4480118 214.778664 20.1893278 215.648002 21.304 216.517339 22.4186722 217.773327 22.976 219.416002 22.976 220.46134 22.976 221.415997 22.7040027 222.280002 22.16 223.144006 21.6159973 223.906665 20.8533382 224.568002 19.872L224.568002 11.504zM226.088002.72L226.088002 24 225.256002 24C224.978667 24 224.818668 23.8613347 224.776002 23.584L224.616002 21.072C223.911998 22.0320048 223.090673 22.7946638 222.152002 23.36 221.21333 23.9253362 220.157341 24.208 218.984002 24.208 217.021325 24.208 215.496007 23.5306734 214.408002 22.176 213.319996 20.8213266 212.776002 18.7893469 212.776002 16.08 212.776002 14.9173275 212.928 13.832005 213.232002 12.824 213.536003 11.815995 213.981332 10.941337 214.568002 10.2 215.154671 9.45866296 215.877331 8.8746688 216.736002 8.448 217.594673 8.0213312 218.583996 7.808 219.704002 7.808 220.78134 7.808 221.714664 8.00533136 222.504002 8.4 223.293339 8.79466864 223.981332 9.38132944 224.568002 10.16L224.568002.72 226.088002.72z" fill="#FFF"></path>
</g>
</svg>
</a>
</div>
<div class="navbar-items">
<div class="mobile-nav-button" ng-click="toggleMobileNav()">
<div class="rect rect1"></div>
<div class="rect rect2"></div>
<div class="rect rect3"></div>
</div>
<ul class="nav navbar-nav closed">
<li>
<a class="navbar-link" href="/docs">Docs</a>
</li>
<li>
<a class="navbar-link" href="https://enterprise.packagecloud.io/">Enterprise</a>
</li>
<li>
<a class="navbar-link hosted" href="/pricing">Pricing</a>
</li>
<li class="separator"> </li>
<li><a class="navbar-link" href="/login">Login</a></li>
<li>
<a class="navbar-link" href="/users/new" id="user_signup_navbar_link">Sign Up</a>
</li>
</ul>
</div>
</div>
</div>
<div class="front-page-container">
<div class="hero-section">
<div class="container hero-container">
<h1 class="main-headline">Fast, reliable, and secure software starts here</h1>
<h2 class="subhead">a unified, developer friendly interface for all of your artifacts <br/>written in any language, delivered to any infrastructure.</h2>
<div class="form-container">
<a class="btn front-page-signup turq" href="https://packagecloud.io/users/new">Build better software with packagecloud</a>
</div>
</div>
</div>
<section class="feature-sections">
<!-- Section 1 -->
<div class="feature-item image-right section-1">
<div class="inner-container">
<div class="feature-copy">
<h2>Ship securely and quickly knowing your packages are handled by <span class="purp-hl"><b>package</b>cloud</span></h2>
<ul>
<li>Consistent package repositories, at enterprise scale and startup speed</li>
<li>A single <b><a href="https://packagecloud.io/docs/api" target="parent">API</a></b> and <b><a href="https://packagecloud.io/docs#cli" target="parent">CLI</a></b> for every environment and package type</li>
<li>Works seamlessly and harmoniously with <b><a href="https://packagecloud.io/l/supported-packages" target="parent">the systems you already use</a></b></li>
</ul>
<a class="btn front-page-signup" href="https://packagecloud.io/users/new">Start shipping confidently with packagecloud</a>
</div>
<div class="image-container">
<div class="distribute-diagram">
<!-- ship diagram -->
</div>
</div>
</div>
</div>
<div class="companies-container">
<div class="subhead">Packagecloud manages millions of packages for companies like...</div>
<div class="logo-scroller-container">
<svg height="55px" version="1.1" viewbox="0 0 142 55" width="142px" xmlns="http://www.w3.org/2000/svg" xmlns:xlink="http://www.w3.org/1999/xlink">
<defs></defs>
<g fill="none" fill-rule="evenodd" id="Page-1" stroke="none" stroke-width="1">
<g fill-rule="nonzero" id="wm_grayscale" transform="translate(0.000000, -3.000000)">
<g id="Page-1">
<g id="gitlab_logo">
<g id="g10" transform="translate(72.500000, 29.421354) scale(-1, 1) rotate(-180.000000) translate(-72.500000, -29.421354) translate(0.000000, 0.921354)">
<g fill="#BFBFBF" id="g12" transform="translate(103.635364, 17.599986)">
<polygon id="path14" points="2.70016794 19.188607 0.125624717 19.188607 0.133801364 0.0210760109 10.5489632 0.0210760109 10.5489632 2.39134083 2.70834458 2.39134083"></polygon>
</g>
<g id="g16" transform="translate(-0.000000, 0.000000)">
<g id="g18-Clipped" transform="translate(-0.000000, -0.000000)">
<g id="g18" transform="translate(-0.000000, 0.000000)">
<g transform="translate(0.095074, 0.190385)">
<g id="Group" transform="translate(0.099571, 0.118921)">
<g fill="#BFBFBF" id="g24" transform="translate(115.258587, 16.902222)">
<path d="M8.64837702,3.77480793 C8.00478053,3.10179113 6.92231822,2.42861705 5.45948455,2.42861705 C3.49929059,2.42861705 2.70945791,3.39433875 2.70945791,4.65276535 C2.70945791,6.55479669 4.02589813,7.46200887 6.8345765,7.46200887 C7.36118404,7.46200887 8.20951121,7.40349935 8.64837702,7.31573506 L8.64837702,3.77480793 L8.64837702,3.77480793 Z M5.9860921,15.3924084 C3.90702225,15.3924084 2.00013374,14.6552199 0.512141163,13.4280928 L1.42210767,11.8514814 C2.47532275,12.4659886 3.76267297,13.0806532 5.60572075,13.0806532 C7.7121509,13.0806532 8.64837702,11.9977552 8.64837702,10.1834881 L8.64837702,9.24702117 C8.23875845,9.33478545 7.39043128,9.39345226 6.86382374,9.39345226 C2.35833379,9.39345226 0.0764202043,7.81322329 0.0764202043,4.50633425 C0.0764202043,1.55081693 1.89022074,0.0583522394 4.64024738,0.0583522394 C6.49272975,0.0583522394 8.26800568,0.907054889 8.88235494,2.28234324 L9.35046799,0.409566661 L11.1644258,0.409566661 L11.1644258,10.2127429 C11.1644258,13.3146913 9.81858106,15.3924084 5.9860921,15.3924084 L5.9860921,15.3924084 Z" id="path26"></path>
</g>
<g fill="#BFBFBF" id="g28" transform="translate(129.698169, 16.883882)">
<path d="M5.03178299,2.35925496 C4.06630963,2.35925496 3.21782522,2.47627401 2.57422873,2.76897891 L2.57422873,10.7140059 L2.57422873,11.6356882 C3.45196038,12.3673718 4.5344227,12.8941148 5.90951464,12.8941148 C8.3961589,12.8941148 9.36163227,11.1383572 9.36163227,8.29970166 C9.36163227,4.2614436 7.81105689,2.35925496 5.03178299,2.35925496 M6.11377358,15.4108106 C3.81283357,15.4108106 2.57422873,13.8450519 2.57422873,13.8450519 L2.57422873,16.3178656 L2.56605209,19.5953425 L1.40528264,19.5953425 L0.0501605867,19.5953425 L0.0583372341,0.896045034 C1.31628298,0.369302042 3.0423418,0.076754428 4.91479405,0.076754428 C9.71275638,0.076754428 12.0239172,3.1492908 12.0239172,8.44597547 C12.0239172,12.6306646 9.88776807,15.4108106 6.11377358,15.4108106" id="path30"></path>
</g>
<g fill="#BFBFBF" id="g32" transform="translate(68.877498, 16.943084)">
<path d="M13.9875705,15.9367673 L15.0939338,17.8537406 C13.5859714,19.1764961 11.5576911,19.8874183 9.39433885,19.8874183 C3.92353279,19.8874183 0.0910438236,16.5512745 0.0910438236,9.82079197 C0.0910438236,2.76819249 4.22559702,0.0174584867 8.95547304,0.0174584867 C11.3252856,0.0174584867 13.343974,0.573456238 14.6604142,1.12945399 L14.6064798,8.66475705 L14.6064798,9.55372431 L14.6064798,11.0351791 L7.58509838,11.0351791 L7.58509838,8.66475705 L12.0611838,8.66475705 L12.1151183,2.94387834 C11.5300163,2.65117344 10.5060484,2.41713534 9.13111371,2.41713534 C5.32787197,2.41713534 2.782576,4.81020629 2.782576,9.85004673 C2.782576,14.9710455 5.41561369,17.4584867 9.27734991,17.4584867 C11.5592635,17.4584867 13.0220972,16.6977057 13.9875705,15.9367673 Z" id="path34"></path>
</g>
<g fill="#BFBFBF" id="g36" transform="translate(93.722682, 16.954055)">
<path d="M2.53796863,19.5252324 L0.0219198815,19.5252324 L0.0300965289,16.3062649 L0.0300965289,14.9893288 L0.0300965289,14.2217846 L0.0300965289,12.8823569 L0.0300965289,5.21540737 L0.0300965289,5.18615261 C0.0300965289,2.08420419 1.37594124,0.00648698871 5.20843021,0.00648698871 C5.73786812,0.00648698871 6.25598454,0.0546157899 6.75900559,0.145997598 L6.75900559,2.40600656 C6.3948303,2.35017086 6.00612505,2.31839957 5.58880155,2.31839957 C3.4823714,2.31839957 2.54614527,3.40114031 2.54614527,5.21540737 L2.54614527,12.8823569 L6.75900559,12.8823569 L6.75900559,14.9893288 L2.54614527,14.9893288 L2.53796863,19.5252324 L2.53796863,19.5252324 Z" id="path38"></path>
</g>
<polygon fill="#BFBFBF" id="path40" points="89.8764497 17.311741 89.8764497 31.9435258 87.360401 31.9435258 87.360401 17.311741"></polygon>
<polygon fill="#BFBFBF" id="path42" points="89.8764497 33.9625761 89.8764497 36.479272 87.360401 36.479272 87.360401 33.9625761"></polygon>
<g fill="#A1A1A1" id="g44" opacity="0.426247668" transform="translate(0.062740, 0.091413)">
<path d="M58.0227477,22.963415 L54.7726876,32.9683861 L48.3315336,52.7976095 C48.0002222,53.8177513 46.5572012,53.8177513 46.2257324,52.7976095 L39.7844212,32.9683861 L18.3954124,32.9683861 L11.953944,52.7976095 C11.6226325,53.8177513 10.1796115,53.8177513 9.84814278,52.7976095 L3.40698882,32.9683861 L0.157085975,22.963415 C-0.139474735,22.0508551 0.185389755,21.0511601 0.961385039,20.4871409 L29.0898382,0.0454549789 L57.2184486,20.4871409 C57.9944439,21.0511601 58.3191512,22.0508551 58.0227477,22.963415" id="path46"></path>
</g>
<g fill="#5C5C5C" id="g48" opacity="0.426247668" transform="translate(18.438025, 0.136868)">
<polygon id="path50" points="10.714616 0 10.714616 0 21.409199 32.9229311 0.0200329629 32.9229311"></polygon>
</g>
<g fill="#787878" id="g56" opacity="0.426247668" transform="translate(3.364753, 0.136931)">
<polygon id="path58" points="25.7878879 0 15.0933048 32.9227738 0.10503847 32.9227738"></polygon>
</g>
<g fill="#A1A1A1" id="g64" opacity="0.426247668" transform="translate(0.010441, 0.030183)">
<path d="M3.45935081,33.0295694 L3.45935081,33.0295694 L0.209290724,23.0245982 C-0.0871127432,22.1120384 0.237594503,21.1123435 1.01374703,20.5484816 L29.1422002,0.106795608 L3.45935081,33.0295694 L3.45935081,33.0295694 Z" id="path66"></path>
</g>
<g fill="#5C5C5C" id="g72" opacity="0.426247668" transform="translate(3.469792, 33.059721)">
<path d="M0,0 L14.9882663,0 L8.54695516,19.8292234 C8.21548644,20.8495225 6.77246543,20.8495225 6.44115396,19.8292234 L0,0 L0,0 Z" id="path74"></path>
</g>
<g fill="#787878" id="g76" opacity="0.426247668" transform="translate(29.152641, 0.136931)">
<polygon id="path78" points="0 0 10.694583 32.9227738 25.6828494 32.9227738"></polygon>
</g>
<g fill="#A1A1A1" id="g80" opacity="0.426247668" transform="translate(29.047587, 0.030183)">
<path d="M25.7878879,33.0295694 L25.7878879,33.0295694 L29.037948,23.0245982 C29.3343514,22.1120384 29.0096442,21.1123435 28.2334917,20.5484816 L0.10503847,0.106795608 L25.7878879,33.0295694 L25.7878879,33.0295694 Z" id="path82"></path>
</g>
<g fill="#5C5C5C" id="g84" opacity="0.426247668" transform="translate(39.740126, 33.059721)">
<path d="M15.095349,0 L0.107082632,0 L6.54839385,19.8292234 C6.87986255,20.8495225 8.32288357,20.8495225 8.65419503,19.8292234 L15.095349,0 L15.095349,0 Z" id="path86"></path>
</g>
</g>
</g>
</g>
</g>
</g>
</g>
</g>
</g>
</g>
</g>
</svg>
<svg height="40px" version="1.1" viewbox="-6 -107 144 40" width="144px" xmlns="http://www.w3.org/2000/svg" xmlns:xlink="http://www.w3.org/1999/xlink">
<defs></defs>
<g fill="none" fill-rule="evenodd" id="logo-purple-08fb38cebb99e3aac5202df018eb337c5be74d5214768c90a8198c97420e4201" stroke="none" stroke-width="1" transform="translate(-5.000000, -107.000000)">
<g fill="#BFBFBF" fill-rule="nonzero" id="Layer_1">
<g id="Page-1">
<g id="main">
<g id="nav">
<path d="M32.3,0 L3.6,0 C1.6,0 -1.42108547e-14,1.6 -1.42108547e-14,3.6 L-1.42108547e-14,36.4 C-1.42108547e-14,38.4 1.6,40 3.6,40 L32.3,40 C34.3,40 35.9,38.4 35.9,36.4 L35.9,3.6 C35.9,1.6 34.3,0 32.3,0 Z M33.9,36.4 C33.9,37.3 33.2,38 32.3,38 L3.6,38 C2.7,38 2,37.3 2,36.4 L2,3.6 C2,2.7 2.7,2 3.6,2 L32.3,2 C33.2,2 33.9,2.7 33.9,3.6 L33.9,36.4 L33.9,36.4 Z M9,34 L13.5,30 L9,26 L9,34 Z M25.2,17.8 C24.4,17 22.9,16 20.4,16 C17.7,16 14.9,16.7 12.9,17.4 L12.9,6 L8.9,6 L8.9,23.3 L11.7,22 C11.7,22 16.3,19.9 20.3,19.9 C22.3,19.9 22.8,21 22.8,22 L22.8,34 L26.8,34 L26.8,22 C26.9,21.7 26.9,19.5 25.2,17.8 Z M19.9,12.5 L23.9,12.5 C25.7,10.4 26.6,8.3 26.9,6 L22.9,6 C22.5,8.3 21.5,10.4 19.9,12.5 Z M130.4,21.9 L130.4,13.1 L134.4,13.1 L134.4,21.9 C134.4,23.9 135.1,24.9 136.7,24.9 C138.3,24.9 138.9,24 138.9,21.9 L138.9,13.1 L142.8,13.1 L142.8,22 C142.8,25.9 140.9,28.2 136.6,28.2 C132.3,28.1 130.4,25.8 130.4,21.9 Z M113.6,13.1 L117.6,13.1 L117.6,18.5 L121.7,13.1 L126.3,13.1 L121.3,18.9 L126.7,27.9 L122.2,27.9 L118.7,22 L117.6,23.3 L117.6,27.9 L113.6,27.9 L113.6,13.1 Z M94.6,20.4 C94.6,15 98.3,12.7 101.9,12.7 C105.5,12.7 109.2,15 109.2,20.4 C109.2,25.8 105.5,28.1 101.9,28.1 C98.3,28.1 94.6,25.9 94.6,20.4 Z M105.1,20.4 C105.1,17.7 103.9,16 101.8,16 C99.7,16 98.5,17.7 98.5,20.4 C98.5,23.1 99.7,24.9 101.8,24.9 C103.9,24.9 105.1,23.2 105.1,20.4 Z M78.5,13.1 L84.3,13.1 C88.1,13.1 90.4,14.4 90.4,17.9 C90.4,20.2 89.4,21.6 87.5,22.2 L90.6,27.9 L86.4,27.9 L83.5,22.8 L82.4,22.8 L82.4,27.9 L78.5,27.9 L78.5,13.1 Z M84.2,19.7 C85.8,19.7 86.6,19.2 86.6,18 C86.6,16.8 85.9,16.3 84.2,16.3 L82.5,16.3 L82.5,19.7 L84.2,19.7 L84.2,19.7 Z M63.2,13.1 L73.8,13.1 L73.8,16.4 L67.2,16.4 L67.2,18.8 L71.9,18.8 L71.9,21.9 L67.2,21.9 L67.2,24.6 L74.1,24.6 L74.1,27.8 L63.2,27.8 L63.2,13.1 L63.2,13.1 Z M45.1,13.1 L49.1,13.1 L49.1,18.6 L54,18.6 L54,13.1 L58,13.1 L58,27.9 L54,27.9 L54,21.9 L49.1,21.9 L49.1,27.9 L45.1,27.9 L45.1,13.1 Z" id="logo"></path>
</g>
</g>
</g>
</g>
</g>
</svg>
<svg class="zendesk" height="28px" version="1.1" viewbox="0 0 144 28" width="144px" xmlns="http://www.w3.org/2000/svg" xmlns:xlink="http://www.w3.org/1999/xlink">
<defs></defs>
<g fill="none" fill-rule="evenodd" id="Page-1" stroke="none" stroke-width="1">
<g fill="#BFBFBF" fill-rule="nonzero" id="zendesk-relationshapes-logo">
<path d="M96.4229703,23.8669307 C98.3272636,23.9121396 100.170445,23.1933501 101.541386,21.8708911 L104.079208,24.6225743 C102.08749,26.6769681 99.3097913,27.7776637 96.4514851,27.6451485 C90.249505,27.6451485 86.2431683,23.510495 86.2431683,17.9215842 C86.1847442,15.3376822 87.180546,12.8413003 89.0013714,11.0070272 C90.8221967,9.17275414 93.3111836,8.15861032 95.8954455,8.1980198 C102.054653,8.1980198 105.547723,12.9029703 105.234059,19.4328713 L90.7057426,19.4328713 C91.1247353,22.1986588 93.6399176,24.1493364 96.4229703,23.8669307 Z M100.85703,16.3247525 C100.718991,13.7539549 98.5232992,11.781662 95.9524752,11.9192079 C93.314454,11.7643437 91.0106762,13.6872802 90.6914851,16.310495 L100.85703,16.3247525 Z" id="Shape"></path>
<polygon id="Shape" points="0 23.6673267 11.2063366 12.2613861 0.256633663 12.2613861 0.256633663 8.65425743 16.3960396 8.65425743 16.3960396 12.3041584 5.18970297 23.710099 16.5956436 23.710099 16.5956436 27.3029703 0 27.3029703"></polygon>
<path d="M29.9405941,23.8669307 C31.8448873,23.9121396 33.688069,23.1933501 35.0590099,21.8708911 L37.5968317,24.6225743 C35.6051138,26.6769681 32.8274151,27.7776637 29.9691089,27.6451485 C23.7671287,27.6451485 19.7607921,23.510495 19.7607921,17.9215842 C19.702368,15.3376822 20.6981698,12.8413003 22.5189951,11.0070272 C24.3398205,9.17275414 26.8288074,8.15861032 29.4130693,8.1980198 C35.5722772,8.1980198 39.0653465,12.9029703 38.7516832,19.4328713 L24.2376238,19.4328713 C24.656465,22.192608 27.1627678,24.1412584 29.9405941,23.8669307 L29.9405941,23.8669307 Z M34.3746535,16.3247525 C34.2290624,13.7596311 32.0356562,11.7957674 29.470099,11.9334653 C26.8476357,11.7935057 24.5631013,13.7045467 24.2376238,16.310495 L34.3746535,16.3247525 Z" id="Shape"></path>
<path d="M62.9893069,17.9215842 C62.8801636,15.3790189 63.8165934,12.9026013 65.5807596,11.0684071 C67.3449258,9.23421297 69.7830342,8.20214123 72.3279208,8.21227723 C74.7161203,8.19460336 76.9886039,9.23942343 78.529901,11.0637624 L78.529901,0 L82.4934653,0 L82.4934653,27.260198 L78.529901,27.260198 L78.529901,24.6938614 C77.0106436,26.5748111 74.7172269,27.6611664 72.2994059,27.6451485 C69.764531,27.623616 67.345912,26.5787117 65.5927716,24.7477137 C63.8396313,22.9167157 62.9007417,20.455003 62.9893069,17.9215842 Z M78.7437624,17.9215842 C78.7437624,14.6616824 76.1010899,12.0190099 72.8411881,12.0190099 C69.5812864,12.0190099 66.9386139,14.6616824 66.9386139,17.9215842 C66.9386139,21.1814859 69.5812864,23.8241584 72.8411881,23.8241584 C76.1010899,23.8241584 78.7437624,21.1814859 78.7437624,17.9215842 Z" id="Shape"></path>
<path d="M107.714851,23.3108911 L111.293465,21.3861386 C112.256432,23.1102698 114.095499,24.1588121 116.069703,24.1093069 C118.308119,24.1093069 119.46297,22.9544554 119.46297,21.6427723 C119.46297,20.3310891 117.295842,19.8178218 114.943366,19.3330693 C111.76396,18.6629703 108.484752,17.6221782 108.484752,13.7726733 C108.484752,10.8213861 111.336238,8.06970297 115.69901,8.06970297 C118.662263,7.89134367 121.506135,9.26201438 123.212673,11.6910891 L119.890693,13.630099 C118.959503,12.2469684 117.379487,11.4434792 115.713267,11.5057426 C113.588911,11.5057426 112.505347,12.5465347 112.505347,13.7441584 C112.505347,14.9417822 114.216238,15.4550495 116.910891,16.0538614 C119.976238,16.7239604 123.440792,17.7362376 123.440792,21.6142574 C123.440792,24.1948515 121.202376,27.6594059 115.898614,27.6308911 C112.56886,27.8751822 109.39162,26.1979981 107.714851,23.3108911 L107.714851,23.3108911 Z" id="Shape"></path>
<polygon id="Shape" points="133.748911 18.9766337 130.612277 22.4126733 130.612277 27.2744554 126.648713 27.2744554 126.648713 0 130.612277 0 130.612277 17.850297 139.009901 8.55445545 143.828911 8.55445545 136.543366 16.5528713 144 27.260198 139.537426 27.260198"></polygon>
<path d="M51.2126733,8.21227723 C46.5077228,8.21227723 42.5726733,11.2776238 42.5726733,16.3532673 L42.5726733,27.260198 L46.6075248,27.260198 L46.6075248,16.8522772 C46.4641655,15.5469823 46.9086414,14.2455283 47.820498,13.3006134 C48.7323547,12.3556985 50.0171619,11.8651764 51.3267327,11.9619802 C54.3207921,11.9619802 55.8035644,13.8011881 55.8035644,16.8522772 L55.8035644,27.260198 L59.8811881,27.260198 L59.8811881,16.3532673 C59.8811881,11.2776238 55.9176238,8.21227723 51.2126733,8.21227723 Z" id="Shape"></path>
</g>
</g>
</svg>
<svg height="45px" version="1.1" viewbox="-1 0 120 45" width="120px" xmlns="http://www.w3.org/2000/svg" xmlns:xlink="http://www.w3.org/1999/xlink">
<defs></defs>
<g fill="none" fill-rule="evenodd" id="logo" stroke="none" stroke-width="1">
<g fill="#BFBFBF" fill-rule="nonzero" id="Page-1">
<g id="Docs-Homepage">
<g id="Group-5" transform="translate(0.000000, 0.711629)">
<path d="M33.2575112,17.100197 C32.5411932,17.8165149 31.6585137,18.2649907 30.7338059,18.4461498 C32.0223202,21.9142635 31.1865721,25.8828629 28.5412478,28.5280997 C26.7154731,30.3538744 24.2585752,31.3201725 21.7712943,31.3201725 C20.6515933,31.3201725 19.5263761,31.1215893 18.4492286,30.7196947 C18.2699083,31.6493933 17.8203818,32.5373264 17.1004739,33.2572343 C15.1831128,35.1745954 12.0744277,35.1745954 10.156979,33.2572343 C8.23961797,31.3398732 8.23961797,28.2311005 10.156979,26.3137394 C10.8727717,25.5979468 11.7547507,25.1496461 12.6786705,24.9682244 C11.3651144,21.4892534 12.1956089,17.4969256 14.8528413,14.8396932 C17.507622,12.1846499 21.4954843,11.3532797 24.9721788,12.6619325 C25.1556144,11.7439668 25.6025141,10.8682919 26.3140164,10.1567021 C28.2313774,8.23934105 31.3401501,8.23934105 33.2575112,10.1567021 C35.1748723,12.0740632 35.1748723,15.1828359 33.2575112,17.100197 M21.6970445,0.0201155115 C9.71410698,0.0201155115 -8.75587284e-06,9.73423125 -8.75587284e-06,21.7171688 C-8.75587284e-06,33.7001063 9.71410698,43.4142221 21.6970445,43.4142221 C33.6799821,43.4142221 43.3940978,33.7001063 43.3940978,21.7171688 C43.3940978,9.73423125 33.6799821,0.0201155115 21.6970445,0.0201155115" id="Fill-1"></path>
<path d="M24.260554,24.2473447 C22.8577756,25.6501231 20.5834376,25.6501231 19.1806592,24.2473447 C17.7779683,22.8445662 17.7779683,20.5702282 19.1806592,19.1674498 C20.5834376,17.764759 22.8577756,17.764759 24.260554,19.1674498 C25.6633324,20.5702282 25.6633324,22.8445662 24.260554,24.2473447 M27.4644155,11.3071275 C26.7259452,12.0455103 26.3873555,13.1025193 26.558708,14.1344865 C26.5593209,14.1381639 26.5588831,14.1416663 26.5594085,14.1453437 C26.6185982,14.4722005 26.5824364,14.8196335 26.4322732,15.1439511 C26.2385057,15.5623942 25.8936119,15.8626331 25.4925929,16.0102571 C25.0906983,16.1581438 24.6325035,16.1525401 24.213535,15.9584224 C21.8615324,14.8692793 19.0496713,15.3698526 17.2162791,17.2032448 C15.3831495,19.0363744 14.8828389,21.8478852 15.9711939,24.1995376 C16.1679384,24.6246352 16.1701274,25.0894845 16.0158489,25.4953192 C15.8660359,25.8890708 15.5689491,26.2272227 15.1564599,26.4181882 C14.9293326,26.5233463 14.6904724,26.5732548 14.4554647,26.5732548 C14.3438274,26.5732548 14.2339412,26.5581071 14.125631,26.5362174 C14.1084695,26.5353418 14.0915707,26.5365677 14.074234,26.534116 C13.0522485,26.3892939 12.0485628,26.7227175 11.3203369,27.4512061 C10.7078635,28.0635919 10.3705873,28.8778881 10.3705873,29.7441066 C10.3705873,30.6100624 10.7078635,31.4243586 11.3203369,32.0370071 C12.5847725,33.3008298 14.6417897,33.3008298 15.9059627,32.0370071 C16.6443454,31.2981865 16.982935,30.2413526 16.8115826,29.2098232 C16.8022138,29.1533479 16.8043152,29.0981859 16.8115826,29.0443372 C16.7919695,28.7713291 16.8386383,28.4897402 16.9618334,28.2238244 C17.1548128,27.8068697 17.4979555,27.5074189 17.8970482,27.359357 C18.2999935,27.2098067 18.7599395,27.2145349 19.1805716,27.4092655 C21.5326618,28.4986712 24.3443477,27.9975726 26.1778275,26.1646182 C28.0109571,24.3313135 28.5113552,21.5197151 27.4228251,19.1682379 C27.2307212,18.7532095 27.2238917,18.3000055 27.3673129,17.9010879 C27.5132733,17.4949905 27.8150006,17.1451058 28.2375591,16.9494996 C28.5342956,16.8119449 28.8505577,16.7707923 29.1528105,16.8100186 C29.1995668,16.8045899 29.2471988,16.8028388 29.2960566,16.8097559 C30.3183923,16.9553661 31.3215527,16.6213295 32.0499537,15.8927533 C33.3142142,14.6284928 33.3142142,12.571388 32.0499537,11.3071275 C30.7857808,10.0427795 28.7285884,10.0427795 27.4644155,11.3071275" id="Fill-4"></path>
<path d="M113.697042,18.150928 C111.338385,18.150928 109.864071,19.7590316 109.515588,20.1076029 C108.604276,18.8477204 107.53212,18.150928 105.736202,18.150928 C103.37737,18.150928 102.064077,19.5713933 101.795972,19.8663786 L101.447576,18.7941344 C101.367109,18.5529101 101.206352,18.4188577 100.911541,18.4188577 L100.29504,18.4188577 C99.9733496,18.4188577 99.7052447,18.7136679 99.7052447,19.0086533 L99.7052447,30.212756 C99.7052447,30.5342716 99.9733496,30.8023764 100.29504,30.8023764 L101.795972,30.8023764 C102.090782,30.8023764 102.385768,30.5342716 102.385768,30.212756 L102.385768,22.4931405 C102.519645,22.0642779 103.457837,20.6972234 105.30734,20.6972234 C107.02279,20.6972234 107.746551,21.8766395 107.746551,23.8869879 L107.746551,30.212756 C107.746551,30.5342716 107.987775,30.8023764 108.336171,30.8023764 L109.864071,30.8023764 C110.158969,30.8023764 110.426899,30.5342716 110.426899,30.212756 L110.426899,23.8065215 C110.426899,23.1632275 110.373313,22.4126741 110.319727,22.1446568 C110.534246,21.9570184 111.418676,20.6972234 113.29506,20.6972234 C114.98363,20.6972234 115.734184,21.9034325 115.734184,23.8869879 L115.734184,30.212756 C115.734184,30.5342716 115.948527,30.8023764 116.323804,30.8023764 L117.824911,30.8023764 C118.173307,30.8023764 118.414531,30.5342716 118.414531,30.212756 L118.414531,23.9941598 C118.414531,20.7776899 117.47634,18.150928 113.697042,18.150928 L113.697042,18.150928 Z M96.4089212,18.4188577 L95.0418668,18.4188577 C94.5861236,18.4188577 94.3448993,18.4993242 94.3448993,19.0086533 L94.3448993,26.5137498 C94.2377274,27.0766649 93.2459497,28.5508913 91.4500325,28.5508913 C89.8686343,28.5508913 89.0377895,27.63958 89.0377895,25.6024386 L89.0377895,19.0086533 C89.0377895,18.7136679 88.7696847,18.4188577 88.4479939,18.4188577 L86.9470622,18.4188577 C86.6521644,18.4188577 86.3573541,18.7136679 86.3573541,19.0086533 L86.3573541,25.4148002 C86.3573541,28.6580631 87.2686654,31.0971867 90.9675839,31.0971867 C93.487174,31.0971867 94.6130041,29.6765463 94.8809338,29.4086166 L95.2026246,30.2930473 C95.3097965,30.5878576 95.4438489,30.8023764 95.7655397,30.8023764 L96.4089212,30.8023764 C96.7304369,30.8023764 97.0253347,30.5342716 97.0253347,30.212756 L97.0253347,19.0086533 C97.0253347,18.7136679 96.7304369,18.4188577 96.4089212,18.4188577 L96.4089212,18.4188577 Z M83.2217009,18.4188577 L81.7207691,18.4188577 C81.3990784,18.4188577 81.1309735,18.7136679 81.1309735,19.0086533 L81.1309735,30.212756 C81.1309735,30.5342716 81.3990784,30.8023764 81.7207691,30.8023764 L83.2217009,30.8023764 C83.5165111,30.8023764 83.8114965,30.5342716 83.8114965,30.212756 L83.8114965,19.0086533 C83.8114965,18.7136679 83.5165111,18.4188577 83.2217009,18.4188577 L83.2217009,18.4188577 Z M82.4711475,12.1468508 C81.4795448,12.1468508 80.7021109,12.950815 80.7021109,13.9694733 C80.7021109,14.961251 81.4795448,15.7652153 82.4711475,15.7652153 C83.4898057,15.7652153 84.2939451,14.961251 84.2939451,13.9694733 C84.2939451,12.950815 83.4898057,12.1468508 82.4711475,12.1468508 L82.4711475,12.1468508 Z M77.780889,12.0395038 L76.2797821,12.0395038 C75.9582665,12.0395038 75.6901616,12.334314 75.6901616,12.6292994 L75.6901616,30.212756 C75.6901616,30.5342716 75.9582665,30.8023764 76.2797821,30.8023764 L77.780889,30.8023764 C78.0756992,30.8023764 78.3705095,30.5342716 78.3705095,30.212756 L78.3705095,12.6292994 C78.3705095,12.334314 78.0756992,12.0395038 77.780889,12.0395038 L77.780889,12.0395038 Z M71.2143345,23.2436064 C71.1607485,21.7425871 69.9813324,20.4291186 68.1586223,20.4291186 C66.2019474,20.4291186 65.0225313,21.6890012 64.834893,23.2436064 L71.2143345,23.2436064 Z M73.8679769,23.8333144 C73.8679769,24.0477458 73.8410964,24.4766084 73.8143909,24.6911273 C73.7875104,25.0127305 73.5194056,25.2271619 73.2514759,25.2271619 L64.7008405,25.2271619 C64.7277211,26.8890266 66.2286528,28.6044772 68.3998466,28.6044772 C69.820487,28.6044772 70.6782124,28.0951481 71.4286782,27.5591135 C71.6967831,27.3714752 71.9380074,27.2910087 72.1525263,27.6126995 L72.8761992,28.7385296 C73.0905429,29.0064593 73.1978899,29.2476836 72.8226132,29.5693744 C71.9380074,30.3466333 70.3030232,31.0971867 68.2390888,31.0971867 C64.4864968,31.0971867 62.0472857,28.148734 62.0472857,24.6106609 C62.0472857,21.1260861 64.4864968,18.150928 68.2122083,18.150928 C71.4286782,18.150928 73.8679769,20.5364656 73.8679769,23.8333144 L73.8679769,23.8333144 Z M60.2518939,23.9941598 L60.2518939,30.212756 C60.2518939,30.5342716 59.9570837,30.8023764 59.6622734,30.8023764 L58.1612541,30.8023764 C57.8395633,30.8023764 57.5715461,30.5342716 57.5715461,30.212756 L57.5715461,23.9405739 C57.5715461,21.9034325 56.7138208,20.6972234 55.105542,20.6972234 C53.2025406,20.6972234 52.1302964,21.9570184 51.8622791,22.4931405 L51.8622791,30.212756 C51.8622791,30.5611521 51.6210548,30.8023764 51.2457781,30.8023764 L49.7715517,30.8023764 C49.4499485,30.8023764 49.1818437,30.5342716 49.1818437,30.212756 L49.1818437,12.6292994 C49.1818437,12.334314 49.4499485,12.0395038 49.7715517,12.0395038 L51.272571,12.0395038 C51.5674688,12.0395038 51.8622791,12.334314 51.8622791,12.6292994 L51.8622791,19.4374284 C52.1571769,19.2229971 53.4973508,18.150928 55.4540257,18.150928 C58.9653059,18.150928 60.2518939,20.6167569 60.2518939,23.9941598 L60.2518939,23.9941598 Z" id="Fill-6"></path>
</g>
</g>
</g>
</g>
</svg>
<svg height="42px" version="1.1" viewbox="0 76 117 47" width="115px" xmlns="http://www.w3.org/2000/svg" xmlns:xlink="http://www.w3.org/1999/xlink">
<defs></defs>
<g fill="none" fill-rule="evenodd" id="IBM_logo" stroke="none" stroke-width="1" transform="translate(0.000000, 76.000000)">
<path d="M0,0 L0,3.147205 L22.579219,3.147205 L22.579219,0 L0,0 Z M25.7782821,0 L25.7782821,3.147205 L57.9546869,3.147205 C57.9546858,3.147205 54.668045,0 50.315,0 L25.7782821,0 Z M64.266719,0 L64.266719,3.147205 L83.732969,3.147205 L82.5775,0 L64.266719,0 Z M97.689219,0 L96.53375,3.147205 L115.823281,3.147205 L115.823281,0 L97.689219,0 Z M0,6.12055415 L0,9.26775823 L22.579219,9.26775823 L22.579219,6.12055415 L0,6.12055415 Z M25.7782821,6.12501212 L25.7782821,9.26775823 L61.6884381,9.26775823 C61.6884381,9.26775961 61.269025,6.84553439 60.5375,6.12501212 L25.7782821,6.12501212 Z M64.266719,6.12501212 L64.266719,9.26775823 L85.8671881,9.26775823 L84.7978119,6.12501212 L64.266719,6.12501212 Z M95.378281,6.12501212 L94.308906,9.26775823 L115.823281,9.26775823 L115.823281,6.12501212 L95.378281,6.12501212 Z M6.48874954,12.2411083 L6.48874954,15.3927696 L16.2671869,15.3927696 L16.2671869,12.2411083 L6.48874954,12.2411083 Z M32.2670321,12.2411083 L32.2670321,15.3927696 L42.0454679,15.3927696 L42.0454679,12.2411083 L32.2670321,12.2411083 Z M51.5565631,12.2411083 L51.5565631,15.3927696 L61.335,15.3927696 C61.3350012,15.3927696 61.955781,13.7283723 61.955781,12.2411083 L51.5565631,12.2411083 Z M70.755469,12.2411083 L70.755469,15.3927696 L88.0920321,15.3927696 L86.9365631,12.2411083 L70.755469,12.2411083 Z M93.248594,12.2411083 L92.088594,15.3927696 L109.51125,15.3927696 L109.51125,12.2411083 L93.248594,12.2411083 Z M6.48874954,18.366121 L6.48874954,21.5133237 L16.2671869,21.5133237 L16.2671869,18.366121 L6.48874954,18.366121 Z M32.2670321,18.366121 L32.2670321,21.5133237 L57.2432821,21.5133237 C57.2432833,21.5133225 59.332586,19.8984615 59.998281,18.366121 L32.2670321,18.366121 Z M70.755469,18.366121 L70.755469,21.5133237 L80.533906,21.5133237 L80.533906,19.7614102 L81.1546869,21.5133237 L99.066719,21.5133237 L99.7328131,19.7614102 L99.7328131,21.5133237 L109.51125,21.5133237 L109.51125,18.366121 L91.155156,18.366121 L90.1809369,21.0318819 L89.2021881,18.366121 L70.755469,18.366121 Z M6.48874954,24.4866752 L6.48874954,27.6338779 L16.2671869,27.6338779 L16.2671869,24.4866752 L6.48874954,24.4866752 Z M32.2670321,24.4866752 L32.2670321,27.6338779 L59.998281,27.6338779 C59.3324421,26.1065307 57.2432821,24.4866752 57.2432821,24.4866752 L32.2670321,24.4866752 Z M70.755469,24.4866752 L70.755469,27.6338779 L80.533906,27.6338779 L80.533906,24.4866752 L70.755469,24.4866752 Z M82.310156,24.4866752 L83.4928131,27.6338779 L96.9234381,27.6338779 L98.0471881,24.4866752 L82.310156,24.4866752 Z M99.7328131,24.4866752 L99.7328131,27.6338779 L109.51125,27.6338779 L109.51125,24.4866752 L99.7328131,24.4866752 Z M6.48874954,30.6072293 L6.48874954,33.754432 L16.2671869,33.754432 L16.2671869,30.6072293 L6.48874954,30.6072293 Z M32.2670321,30.6072293 L32.2670321,33.754432 L42.0454679,33.754432 L42.0454679,30.6072293 L32.2670321,30.6072293 Z M51.5565631,30.6072293 L51.5565631,33.754432 L61.955781,33.754432 C61.9557833,32.2691691 61.335,30.6072293 61.335,30.6072293 L51.5565631,30.6072293 Z M70.755469,30.6072293 L70.755469,33.754432 L80.533906,33.754432 L80.533906,30.6072293 L70.755469,30.6072293 Z M84.5304679,30.6072293 L85.676875,33.754432 L94.6804679,33.754432 L95.8359369,30.6072293 L84.5304679,30.6072293 Z M99.7328131,30.6072293 L99.7328131,33.754432 L109.51125,33.754432 L109.51125,30.6072293 L99.7328131,30.6072293 Z M0.17671788,36.7277835 L0.17671788,39.8794447 L22.7559369,39.8794447 L22.7559369,36.7277835 L0.17671788,36.7277835 Z M25.7782821,36.7277835 L25.7782821,39.8794447 L60.5375,39.8794447 C61.269025,39.1577818 61.6884381,36.7277835 61.6884381,36.7277835 L25.7782821,36.7277835 Z M64.4434369,36.7277835 L64.4434369,39.8794447 L80.533906,39.8794447 L80.533906,36.7277835 L64.4434369,36.7277835 Z M86.7553119,36.7277835 L87.9334369,39.8794447 L92.514531,39.8794447 L93.620156,36.7277835 L86.7553119,36.7277835 Z M99.7328131,36.7277835 L99.7328131,39.8794447 L116,39.8794447 L116,36.7277835 L99.7328131,36.7277835 Z M0.17671788,42.852795 L0.17671788,46 L22.7559369,46 L22.7559369,42.852795 L0.17671788,42.852795 Z M25.7782821,42.852795 L25.7782821,45.9955426 L50.315,45.9955426 C54.6680438,45.9955403 57.9546869,42.852795 57.9546869,42.852795 L25.7782821,42.852795 Z M64.4434369,42.852795 L64.4434369,46 L80.533906,46 L80.533906,42.852795 L64.4434369,42.852795 Z M88.989219,42.852795 L90.1220321,45.9910829 L90.316875,45.9955426 L91.4678131,42.852795 L88.989219,42.852795 Z M99.7328131,42.852795 L99.7328131,46 L116,46 L116,42.852795 L99.7328131,42.852795 Z" fill="#BFBFBF" fill-rule="nonzero" id="Shape"></path>
</g>
</svg>
<svg height="38px" version="1.1" viewbox="0 153 133 38" width="133px" xmlns="http://www.w3.org/2000/svg" xmlns:xlink="http://www.w3.org/1999/xlink">
<defs></defs>
<g fill="none" fill-rule="evenodd" id="shopify_monotone_black" stroke="none" stroke-width="1" transform="translate(0.000000, 153.000000)">
<g fill="#BFBFBF" fill-rule="nonzero" id="Layer_1">
<g id="Group">
<g transform="translate(37.004731, 6.990566)">
<path d="M8.31138006,13.6607311 C7.19536436,13.0490566 6.60798768,12.5538915 6.60798768,11.8548349 C6.60798768,10.9518868 7.4009462,10.398467 8.66380607,10.398467 C10.1322478,10.398467 11.4244765,11.0101415 11.4244765,11.0101415 L12.4523857,7.89351415 C12.4523857,7.89351415 11.512583,7.16533019 8.72254373,7.16533019 C4.84585763,7.16533019 2.14392489,9.37900943 2.14392489,12.4665094 C2.14392489,14.2141509 3.40678476,15.5540094 5.0808083,16.5152123 C6.43177467,17.2725236 6.90167602,17.8259434 6.90167602,18.6123821 C6.90167602,19.4570755 6.22619283,20.1270047 4.96333297,20.1270047 C3.08372758,20.1270047 1.32159754,19.1658019 1.32159754,19.1658019 L0.234950673,22.2824292 C0.234950673,22.2824292 1.87960538,23.3601415 4.61090696,23.3601415 C8.6050684,23.3601415 11.4538453,21.4086085 11.4538453,17.9133255 C11.512583,15.9909198 10.0441413,14.6510613 8.31138006,13.6607311 Z" id="s_2_"></path>
<path d="M24.2292882,7.10707547 C22.2615763,7.10707547 20.7343969,8.03915094 19.5302747,9.43726415 L19.471537,9.40813679 L21.1749294,0.553419811 L16.7402354,0.553419811 L12.4230168,23.0688679 L16.8577108,23.0688679 L18.3261525,15.3792453 C18.9135292,12.4665094 20.4113397,10.6897406 21.8210438,10.6897406 C22.8195841,10.6897406 23.201379,11.3596698 23.201379,12.3208726 C23.201379,12.9325472 23.1426413,13.6607311 22.9957971,14.2724057 L21.3217736,23.0979953 L25.7564675,23.0979953 L27.4892287,14.0102594 C27.6948106,13.0490566 27.8122859,11.9130896 27.8122859,11.1266509 C27.8416547,8.59257075 26.5200572,7.10707547 24.2292882,7.10707547 Z" id="h_2_"></path>
<path d="M37.885796,7.10707547 C32.5406682,7.10707547 28.9870393,11.8839623 28.9870393,17.2142689 C28.9870393,20.6221698 31.1015953,23.3892689 35.0957568,23.3892689 C40.3527781,23.3892689 43.8770382,18.7288915 43.8770382,13.2820755 C43.906407,10.1071934 42.0561705,7.10707547 37.885796,7.10707547 Z M35.7125023,19.9813679 C34.1853229,19.9813679 33.5685774,18.6997642 33.5685774,17.0977594 C33.5685774,14.5636792 34.8901749,10.4567217 37.2984193,10.4567217 C38.8843364,10.4567217 39.3836066,11.7965802 39.3836066,13.1073113 C39.3836066,15.845283 38.062009,19.9813679 35.7125023,19.9813679 Z" id="o_1_"></path>
<path d="M55.2721458,7.10707547 C52.2765247,7.10707547 50.5731324,9.72853774 50.5731324,9.72853774 L50.5143947,9.72853774 L50.7787142,7.3692217 L46.8432904,7.3692217 C46.6377086,8.97122642 46.2852826,11.3887972 45.9328566,13.2238208 L42.849129,29.3603774 L47.2838229,29.3603774 L48.517314,22.8358491 L48.6054205,22.8358491 C48.6054205,22.8358491 49.5158543,23.4183962 51.2192467,23.4183962 C56.4468992,23.4183962 59.8536839,18.117217 59.8536839,12.757783 C59.8536839,9.75766509 58.5320864,7.10707547 55.2721458,7.10707547 Z M51.0430337,20.06875 C49.8976492,20.06875 49.222166,19.4279481 49.222166,19.4279481 L49.9563868,15.3209906 C50.4850259,12.5830189 51.9240987,10.7479953 53.4512781,10.7479953 C54.8022445,10.7479953 55.2134081,12.0004717 55.2134081,13.165566 C55.2134081,15.9909198 53.5100158,20.06875 51.0430337,20.06875 Z" id="p_1_"></path>
<path d="M66.1973521,0.757311321 C64.7876481,0.757311321 63.6422635,1.86415094 63.6422635,3.32051887 C63.6422635,4.63125 64.4645909,5.53419811 65.7274508,5.53419811 L65.7861884,5.53419811 C67.1665236,5.53419811 68.3706458,4.60212264 68.4000147,2.97099057 C68.4293835,1.68938679 67.5483185,0.757311321 66.1973521,0.757311321 Z" id="dot_2_"></path>
<polygon id="i_2_" points="59.9711593 23.0688679 64.4352221 23.0688679 67.460212 7.45660377 62.9667804 7.45660377"></polygon>
<path d="M78.7378443,7.39834906 L75.6541167,7.39834906 L75.8009609,6.67016509 C76.0652804,5.15554245 76.9463454,3.81568396 78.4441559,3.81568396 C79.2371145,3.81568396 79.85386,4.04870283 79.85386,4.04870283 L80.734925,0.611674528 C80.734925,0.611674528 79.9713353,0.233018868 78.3266806,0.233018868 C76.7407636,0.233018868 75.1842154,0.669929245 73.9800932,1.68938679 C72.4529138,2.97099057 71.7480618,4.80601415 71.3956358,6.67016509 L71.2781604,7.39834906 L69.222342,7.39834906 L68.5762277,10.7188679 L70.6320461,10.7188679 L68.2825393,23.0397406 L72.7172333,23.0397406 L75.06674,10.7188679 L78.1210988,10.7188679 L78.7378443,7.39834906 Z" id="f_2_"></path>
<path d="M89.4280999,7.45660377 C89.4280999,7.45660377 86.6380607,14.3889151 85.4045696,18.1754717 L85.345832,18.1754717 C85.2577255,16.9521226 84.2591851,7.45660377 84.2591851,7.45660377 L79.5895405,7.45660377 L82.2621044,21.7872642 C82.320842,22.1076651 82.2914732,22.3115566 82.1739979,22.5154481 C81.6453589,23.5057783 80.7936627,24.4669811 79.7657535,25.1660377 C78.9434261,25.7777123 78.0036234,26.1563679 77.2694026,26.4185142 L78.5028936,30.146816 C79.4133275,29.9429245 81.263564,29.2147406 82.8494811,27.7583726 C84.8759306,25.8650943 86.755536,22.9814858 88.6645102,19.0201651 L94.0977445,7.45660377 L89.4280999,7.45660377 L89.4280999,7.45660377 Z" id="y_2_"></path>
</g>
<g id="Shape">
<path d="M21.1455606,36.2053066 L32.1295045,33.8459906 C32.1295045,33.8459906 28.1647119,7.25271226 28.1353431,7.07794811 C28.1059743,6.90318396 27.9591301,6.78667453 27.8122859,6.78667453 C27.6654417,6.78667453 24.8754025,6.58278302 24.8754025,6.58278302 C24.8754025,6.58278302 22.9370594,4.66037736 22.7021088,4.45648585 C22.6433711,4.39823113 22.5846334,4.36910377 22.5258958,4.33997642 L21.1455606,36.2053066 Z"></path>
<path d="M22.0559944,4.2817217 C22.0266256,4.2817217 21.9678879,4.31084906 21.9385191,4.31084906 C21.9091503,4.31084906 21.4979866,4.42735849 20.8518722,4.63125 C20.2057579,2.76709906 19.0603733,1.04858491 17.0339238,1.04858491 L16.8577108,1.04858491 C16.2703341,0.320400943 15.5654821,0 14.9487366,0 C10.2203543,0 7.95895405,5.85459906 7.25410203,8.82558962 C5.43323431,9.37900943 4.11163678,9.78679245 3.96479261,9.84504717 C2.93688341,10.1654481 2.90751458,10.1945755 2.79003924,11.1557783 C2.67256391,11.8548349 0,32.3896226 0,32.3896226 L20.6462904,36.234434 L22.0559944,4.2817217 Z M16.6814978,5.70896226 L16.6814978,5.91285377 C15.5361133,6.26238208 14.2732534,6.64103774 13.0397624,7.0196934 C13.7446144,4.33997642 15.0662119,3.02924528 16.2115964,2.53408019 C16.5052848,3.29139151 16.6814978,4.31084906 16.6814978,5.70896226 Z M14.8018924,1.25247642 C15.0074742,1.25247642 15.2130561,1.31073113 15.4186379,1.45636792 C13.9208274,2.15542453 12.2761727,3.9321934 11.6006895,7.48573113 C10.6021491,7.80613208 9.63297759,8.09740566 8.72254373,8.35955189 C9.51550226,5.65070755 11.4244765,1.25247642 14.8018924,1.25247642 Z M15.6242198,17.0686321 C15.6242198,17.0686321 14.3907287,16.4278302 12.922287,16.4278302 C10.7196245,16.4278302 10.631518,17.796816 10.631518,18.1463443 C10.631518,20.0104953 15.5654821,20.7386792 15.5654821,25.1369104 C15.5654821,28.603066 13.3628195,30.8167453 10.3671984,30.8167453 C6.78420068,30.8167453 4.96333297,28.603066 4.96333297,28.603066 L5.93250449,25.4573113 C5.93250449,25.4573113 7.81210988,27.059316 9.39802692,27.059316 C10.4259361,27.059316 10.8664686,26.24375 10.8664686,25.6612028 C10.8664686,23.2145047 6.81356952,23.0979953 6.81356952,19.0784198 C6.81356952,15.6996462 9.25118275,12.4082547 14.2145157,12.4082547 C16.1234899,12.4082547 17.0632926,12.9616745 17.0632926,12.9616745 L15.6242198,17.0686321 Z M17.5038251,2.33018868 C18.5611032,2.44669811 19.2365863,3.64091981 19.6771189,4.9807783 C19.1484798,5.15554245 18.5611032,5.3303066 17.9149888,5.53419811 L17.9149888,5.15554245 C17.9149888,4.01957547 17.7681446,3.0875 17.5038251,2.33018868 Z"></path>
</g>
</g>
</g>
</g>
</svg>
<svg height="28px" version="1.1" viewbox="0 0 114 28" width="114px" xmlns="http://www.w3.org/2000/svg" xmlns:xlink="http://www.w3.org/1999/xlink">
<defs></defs>
<g fill="none" fill-rule="evenodd" id="Page-1" stroke="none" stroke-width="1">
<g fill="#BFBFBF" fill-rule="nonzero" id="500px">
<g id="logo_svg">
<path d="M35.5920915,0 C27.7429902,-4.73447626e-16 21.3800363,6.2680135 21.3800363,14 C21.3800363,21.7319865 27.7429902,28 35.5920915,28 C43.4411928,28 49.8041467,21.7319865 49.8041467,14 L49.8041467,14 C49.7346987,6.29652853 43.4122459,0.068411773 35.5920915,0 Z M35.5920915,25.06 C29.4307301,25.0985357 24.4042241,20.2095743 24.3650215,14.1401458 C24.3258188,8.07071727 29.2887643,3.11914472 35.4501247,3.0804449 C41.6114851,3.04174508 46.6381252,7.93057254 46.6774946,14 L46.6774946,14 C46.6779869,20.054011 41.737309,24.983367 35.5920915,25.06 Z M66.1337981,0 C58.2846968,-4.73447626e-16 51.9217429,6.2680135 51.9217429,14 C51.9217429,21.7319865 58.2846968,28 66.1337981,28 C73.9828995,28 80.3458533,21.7319865 80.3458533,14 L80.3458533,14 C80.3458533,10.2869691 78.8485161,6.72601436 76.1832387,4.10050506 C73.5179614,1.47499577 69.9030695,-3.07047631e-15 66.1337981,0 L66.1337981,0 Z M66.1337981,25.06 C59.9724367,25.0985357 54.9459307,20.2095743 54.9067281,14.1401458 C54.8675254,8.07071727 59.8304709,3.11914472 65.9918313,3.0804449 C72.1531917,3.04174508 77.1798318,7.93057254 77.2192012,14 L77.2192012,14 C77.2688897,16.9237267 76.1215562,19.7440422 74.0359725,21.8248466 C71.9503889,23.9056509 69.102202,25.0716998 66.1337981,25.06 L66.1337981,25.06 Z M11.1473566,8.4 C8.46806246,7.97259564 5.73048157,8.68494047 3.61496732,10.36 L3.61496732,2.94 L16.405817,2.94 C16.8321786,2.94 17.1164198,2.8 17.1164198,1.54 C17.1164198,0.28 16.5479375,0.28 16.2636964,0.28 L2.1937618,0.28 C1.48734268,0.28 0.914676834,0.844121215 0.914676834,1.54 L0.914676834,13.86 C0.914676834,14.56 1.34103849,14.7 2.05164125,14.84 C2.49335235,15.0411606 3.01707582,14.9265141 3.33072622,14.56 L3.33072622,14.56 C4.94744228,12.3016613 7.63679595,11.0300327 10.4367538,11.2 C13.7311676,11.6051393 16.3469842,14.1246639 16.8321786,17.36 C17.2835622,21.2205673 14.4934449,24.718641 10.5788744,25.2 L9.72615105,25.2 C6.74734807,25.158579 4.09763532,23.3259016 3.04648511,20.58 C2.90436456,20.16 2.62012346,19.88 1.48315904,20.3 C0.346194626,20.72 0.204074074,21 0.346194626,21.42 C2.27126622,26.4856883 7.95923325,29.1004674 13.1370443,27.3 C18.2794616,25.403652 20.9338462,19.800554 19.1061075,14.7 C17.8328141,11.3168581 14.7753227,8.89660438 11.1473566,8.4 L11.1473566,8.4 Z M90.0100508,0.14 C86.1140255,0.581905732 83.1769944,3.8367651 83.1882643,7.7 L83.1882643,20.16 C83.1882643,20.86 83.7567466,21 84.6094699,21 C85.4621932,21 86.0306754,20.86 86.0306754,20.16 L86.0306754,7.7 C85.9790741,5.31288816 87.7510994,3.26633992 90.1521714,2.94 C91.4429548,2.8116081 92.7298661,3.21727518 93.7051852,4.06 C94.6944,4.9050629 95.2644096,6.13016382 95.2685113,7.42 C95.173975,8.3760418 94.8313838,9.29205737 94.2736674,10.08 C93.3605811,11.3292517 91.8522968,12.0190779 90.2942919,11.9 L90.2942919,11.9 C89.7258097,11.9 89.2994481,11.9 89.1573275,13.16 C89.1573275,14 89.1573275,14.42 89.8679303,14.56 C91.296734,14.7036058 92.7357716,14.4103163 93.9894263,13.72 C96.2814382,12.5694962 97.8308643,10.358982 98.1109223,7.84 C98.2753288,5.90167516 97.6424043,3.97953973 96.3543118,2.50533037 C95.0662194,1.031121 93.2309438,0.128425129 91.2607117,0 C90.8541455,0.112441625 90.431862,0.159712378 90.0100508,0.14 L90.0100508,0.14 Z M108.627843,7.42 L113.744183,2.38 C113.886304,2.24 114.312665,1.82 113.459942,0.84 C113.222791,0.524085789 112.861792,0.320878782 112.465098,0.28 L112.465098,0.28 C112.242458,0.284198333 112.033609,0.387064751 111.896616,0.56 L106.780276,5.6 L101.663936,0.42 C101.237574,2.85049762e-14 100.811213,0.14 100.10061,0.7 C99.3900073,1.26 99.3900073,1.82 99.8163689,2.24 L104.932709,7.28 L99.7879448,12.46 L99.7879448,12.46 C99.6383274,12.6143601 99.5392918,12.809476 99.5037037,13.02 C99.5112754,13.4207548 99.7255347,13.7901139 100.072186,14 C100.35022,14.2667604 100.692568,14.4594691 101.06703,14.56 L101.06703,14.56 C101.324417,14.5284818 101.569183,14.4320361 101.777633,14.28 L106.893972,9.24 L112.010312,14.28 C112.147306,14.4529352 112.356155,14.5558017 112.578794,14.56 L112.578794,14.56 C112.975489,14.5191212 113.336488,14.3159142 113.573638,14 C114,13.44 114.142121,12.88 113.715759,12.6 L108.627843,7.42 Z" id="Shape"></path>
</g>
</g>
</g>
</svg>
</div>
</div>
<!-- Section 2 -->
<div class="feature-item image-right section-2" id="features">
<div class="full-width-header">
<h2>Manage all of your packages and deploy to any environment, from one beautiful interface, <span class="purp-hl">on-premise or in the cloud</span></h2>
<p class="subhead package-list-text">Packagecloud supports most popular package types, from Java to Python to Ruby and Node, <span class="purp-hl"><a href="https://packagecloud.io/l/supported-packages" target="parent">and more</a>.</span></p>
</div>
<div class="stacked-container">
<div class="top">
<div class="graphic package-list">
<!-- package list image -->
</div>
</div>
<div class="bottom container">
<div class="col">
<p class="collab-text">Built for teams with collaboration and access control features</p>
<div class="graphic collab-list">
<!-- collab-list image -->
</div>
</div>
<div class="col">
<p class="api-text">Packagecloud just works. Upload any supported package type via a single, consistent API and deploy with ease.</p>
<div class="graphic api-image">
<!-- api-image image -->
</div>
</div>
</div>
</div>
<div class="form-container">
<a class="btn front-page-signup" href="https://packagecloud.io/users/new">Manage all of your packages in one place</a>
</div>
</div>
<!-- Section 3 -->
<div class="feature-item centered-form-section section-3">
<div class="no-flex-container">
<div class="table-centered">
<div class="centered&gt;">
<h2>We’re obsessed with getting it right</h2>
<ul class="bullet">
<li>We run thousands of tests to ensure correct and consistent behavior even in the face of <a href="https://packagecloud.io/computology/apt-backport" target="parent">bugs in the packaging systems themselves</a></li>
<li>Our <a href="https://packagecloud.atlassian.net/wiki/spaces/ENTERPRISE/pages/15269949/High+Availability+Setup+AWS" target="parent">High Availability support</a> makes large-scale deployments fast and easy</li>
<li>Built with <a href="https://packagecloud.io/docs/security" target="parent">security and reliability</a> in mind for any environment</li>
</ul>
<div class="form-container">
<a class="btn front-page-signup turq" href="https://packagecloud.io/users/new" target="parent">Choose packagecloud - the system built by experts</a>
</div>
</div>
</div>
</div>
</div>
</section>
</div>
<div class="footer-container" id="footer-container">
<footer>
<div class="navbar">
<div class="navbar-header">
<a class="navbar-brand" href="https://packagecloud.io/">
<svg height="30" viewbox="0 0 233 30" width="233" xmlns="http://www.w3.org/2000/svg">
<g fill="none" fill-rule="evenodd">
<path d="M22.1258923 10.7385876C20.6268657 7.35687264 17.2991564 5 13.4250487 5 8.14925373 5 3.87410772 9.36286255 3.87410772 14.7452711 3.87410772 15.0789407 3.88968202 15.4099622 3.92212849 15.7356873 1.6807268 16.2348676 0 18.3706179 0 20.8069357 0 23.6166456 2.23361454 26 4.9889682 26L24.4568462 26C28.6229721 26 32 22.4435057 32 18.1786255 32 13.9177175 28.6229721 10.358575 24.4568462 10.358575 23.6430889 10.358575 22.8604802 10.4936318 22.1258923 10.7385876zM46.904 19.744C47.3520022 20.2880027 47.8399974 20.6719989 48.368 20.896 48.8960026 21.1200011 49.4693302 21.232 50.088 21.232 50.6853363 21.232 51.2239976 21.1200011 51.704 20.896 52.1840024 20.6719989 52.5919983 20.330669 52.928 19.872 53.2640017 19.413331 53.5226658 18.8346702 53.704 18.136 53.8853342 17.4373298 53.976 16.6133381 53.976 15.664 53.976 14.7039952 53.8986674 13.89067 53.744 13.224 53.5893326 12.55733 53.3680014 12.0160021 53.08 11.6 52.7919986 11.1839979 52.4426687 10.880001 52.032 10.688 51.6213313 10.495999 51.1546693 10.4 50.632 10.4 49.8106626 10.4 49.1120029 10.5733316 48.536 10.92 47.9599971 11.2666684 47.4160026 11.7546635 46.904 12.384L46.904 19.744zM46.696 9.824C47.3680034 9.06666288 48.1306624 8.45333568 48.984 7.984 49.8373376 7.51466432 50.8399942 7.28 51.992 7.28 52.8880045 7.28 53.706663 7.4666648 54.448 7.84 55.189337 8.2133352 55.8293306 8.75466312 56.368 9.464 56.9066694 10.1733369 57.3226652 11.0479948 57.616 12.088 57.9093348 13.1280052 58.056 14.3199933 58.056 15.664 58.056 16.8906728 57.8906683 18.0266614 57.56 19.072 57.2293317 20.1173386 56.7573364 21.0239962 56.144 21.792 55.5306636 22.5600038 54.7893377 23.1599978 53.92 23.592 53.0506623 24.0240022 52.0773387 24.24 51 24.24 50.0826621 24.24 49.2986699 24.0986681 48.648 23.816 47.9973301 23.5333319 47.4160026 23.1413358 46.904 22.64L46.904 29.36 42.952 29.36 42.952 7.584 45.368 7.584C45.8800026 7.584 46.2159992 7.8239976 46.376 8.304L46.696 9.824zM69.4000001 16.992C68.2586611 17.0453336 67.2986707 17.1439993 66.5200001 17.288 65.7413296 17.4320007 65.1173358 17.6159989 64.6480001 17.84 64.1786645 18.0640011 63.8426678 18.3253318 63.6400001 18.624 63.4373325 18.9226682 63.3360001 19.2479982 63.3360001 19.6 63.3360001 20.2933368 63.5413314 20.7893318 63.9520001 21.088 64.3626689 21.3866682 64.8986635 21.536 65.5600001 21.536 66.3706709 21.536 67.0719972 21.3893348 67.6640001 21.096 68.2560031 20.8026652 68.834664 20.3573363 69.4000001 19.76L69.4000001 16.992zM60.3440001 9.872C62.2320096 8.14399136 64.5039869 7.28 67.1600001 7.28 68.1200049 7.28 68.978663 7.43733176 69.7360001 7.752 70.4933373 8.06666824 71.1333309 8.5039972 71.6560001 9.064 72.1786694 9.6240028 72.5759988 10.2933294 72.8480001 11.072 73.1200015 11.8506706 73.2560001 12.7039954 73.2560001 13.632L73.2560001 24 71.4640001 24C71.0906649 24 70.8026678 23.9440006 70.6000001 23.832 70.3973325 23.7199994 70.2373341 23.493335 70.1200001 23.152L69.7680001 21.968C69.3519981 22.3413352 68.9466688 22.6693319 68.5520001 22.952 68.1573315 23.2346681 67.7466689 23.471999 67.3200001 23.664 66.8933313 23.856001 66.4373359 24.0026662 65.9520001 24.104 65.4666644 24.2053338 64.9306697 24.256 64.3440001 24.256 63.6506633 24.256 63.0106697 24.1626676 62.4240001 23.976 61.8373305 23.7893324 61.3306689 23.5093352 60.9040001 23.136 60.4773313 22.7626648 60.146668 22.2986694 59.9120001 21.744 59.6773323 21.1893306 59.5600001 20.5440037 59.5600001 19.808 59.5600001 19.3919979 59.6293328 18.9786687 59.7680001 18.568 59.9066675 18.1573313 60.1333319 17.7653352 60.4480001 17.392 60.7626684 17.0186648 61.1706643 16.6666683 61.6720001 16.336 62.173336 16.0053317 62.7893298 15.7173346 63.5200001 15.472 64.2506705 15.2266654 65.1013286 15.0266674 66.0720001 14.872 67.0426717 14.7173326 68.1519939 14.6240002 69.4000001 14.592L69.4000001 13.632C69.4000001 12.5333278 69.1653358 11.7200026 68.6960001 11.192 68.2266645 10.6639974 67.5493379 10.4 66.6640001 10.4 66.0239969 10.4 65.4933356 10.4746659 65.0720001 10.624 64.6506647 10.7733341 64.2800017 10.9413324 63.9600001 11.128 63.6399985 11.3146676 63.3493348 11.4826659 63.0880001 11.632 62.8266655 11.7813341 62.5360017 11.856 62.2160001 11.856 61.9386654 11.856 61.7040011 11.7840007 61.5120001 11.64 61.3199992 11.4959993 61.1653341 11.328001 61.0480001 11.136L60.3440001 9.872zM88.3280003 11.056C88.2106664 11.2053341 88.0960008 11.3226662 87.9840003 11.408 87.8719997 11.4933338 87.7093347 11.536 87.4960003 11.536 87.2933326 11.536 87.0960012 11.4746673 86.9040003 11.352 86.7119993 11.2293327 86.4826683 11.0906674 86.2160003 10.936 85.9493323 10.7813326 85.6320021 10.6426673 85.2640003 10.52 84.8959984 10.3973327 84.440003 10.336 83.8960003 10.336 83.2026635 10.336 82.5946696 10.4613321 82.0720003 10.712 81.549331 10.9626679 81.1146687 11.3226643 80.7680003 11.792 80.4213319 12.2613357 80.1626678 12.82933 79.9920003 13.496 79.8213328 14.16267 79.7360003 14.9173291 79.7360003 15.76 79.7360003 16.634671 79.8293327 17.4133299 80.0160003 18.096 80.2026679 18.7786701 80.4719985 19.3519977 80.8240003 19.816 81.176002 20.2800023 81.6026644 20.6319988 82.1040003 20.872 82.6053361 21.1120012 83.1706638 21.232 83.8000003 21.232 84.4293368 21.232 84.938665 21.1546674 85.3280003 21 85.7173356 20.8453326 86.0453323 20.6746676 86.3120003 20.488 86.5786683 20.3013324 86.810666 20.1306674 87.0080003 19.976 87.2053346 19.8213326 87.4266657 19.744 87.6720003 19.744 87.9920019 19.744 88.2319995 19.8666654 88.3920003 20.112L89.5280003 21.552C89.0906648 22.0640026 88.6160028 22.4933316 88.1040003 22.84 87.5919977 23.1866684 87.0613364 23.463999 86.5120003 23.672 85.9626642 23.880001 85.3973365 24.0266662 84.8160003 24.112 84.234664 24.1973338 83.6560032 24.24 83.0800003 24.24 82.0666619 24.24 81.1120048 24.0506686 80.2160003 23.672 79.3199958 23.2933314 78.5360036 22.741337 77.8640003 22.016 77.1919969 21.290663 76.6613356 20.4026719 76.2720003 19.352 75.882665 18.3013281 75.6880003 17.1040067 75.6880003 15.76 75.6880003 14.5546606 75.8613319 13.4373385 76.2080003 12.408 76.5546687 11.3786615 77.0639969 10.4880038 77.7360003 9.736 78.4080036 8.98399624 79.2399953 8.3946688 80.2320003 7.968 81.2240052 7.5413312 82.3653272 7.328 83.6560003 7.328 84.8826731 7.328 85.957329 7.52533136 86.8800003 7.92 87.8026716 8.31466864 88.6319966 8.87999632 89.3680003 9.616L88.3280003 11.056zM95.5440004.224L95.5440004 13.84 96.2800004 13.84C96.5466684 13.84 96.757333 13.8053337 96.9120004 13.736 97.0666679 13.6666663 97.2239996 13.5253344 97.3840004 13.312L101.464 8.272C101.634668 8.04799888 101.823999 7.87733392 102.032 7.76 102.240001 7.64266608 102.509332 7.584 102.84 7.584L106.456 7.584 101.352 13.68C100.989332 14.1600024 100.594669 14.5279987 100.168 14.784 100.392002 14.9440008 100.592 15.1306656 100.768 15.344 100.944001 15.5573344 101.112 15.7866654 101.272 16.032L106.744 24 103.176 24C102.866666 24 102.600002 23.9493338 102.376 23.848 102.151999 23.7466662 101.965335 23.562668 101.816 23.296L97.6240004 17.072C97.4746663 16.8266654 97.3200012 16.666667 97.1600004 16.592 96.9999996 16.517333 96.760002 16.48 96.4400004 16.48L95.5440004 16.48 95.5440004 24 91.5920004 24 91.5920004.224 95.5440004.224zM116.968001 16.992C115.826662 17.0453336 114.866671 17.1439993 114.088001 17.288 113.30933 17.4320007 112.685336 17.6159989 112.216001 17.84 111.746665 18.0640011 111.410668 18.3253318 111.208001 18.624 111.005333 18.9226682 110.904001 19.2479982 110.904001 19.6 110.904001 20.2933368 111.109332 20.7893318 111.520001 21.088 111.930669 21.3866682 112.466664 21.536 113.128001 21.536 113.938671 21.536 114.639998 21.3893348 115.232001 21.096 115.824004 20.8026652 116.402664 20.3573363 116.968001 19.76L116.968001 16.992zM107.912001 9.872C109.80001 8.14399136 112.071987 7.28 114.728001 7.28 115.688005 7.28 116.546663 7.43733176 117.304001 7.752 118.061338 8.06666824 118.701331 8.5039972 119.224001 9.064 119.74667 9.6240028 120.143999 10.2933294 120.416001 11.072 120.688002 11.8506706 120.824001 12.7039954 120.824001 13.632L120.824001 24 119.032001 24C118.658665 24 118.370668 23.9440006 118.168001 23.832 117.965333 23.7199994 117.805334 23.493335 117.688001 23.152L117.336001 21.968C116.919998 22.3413352 116.514669 22.6693319 116.120001 22.952 115.725332 23.2346681 115.314669 23.471999 114.888001 23.664 114.461332 23.856001 114.005336 24.0026662 113.520001 24.104 113.034665 24.2053338 112.49867 24.256 111.912001 24.256 111.218664 24.256 110.57867 24.1626676 109.992001 23.976 109.405331 23.7893324 108.898669 23.5093352 108.472001 23.136 108.045332 22.7626648 107.714668 22.2986694 107.480001 21.744 107.245333 21.1893306 107.128001 20.5440037 107.128001 19.808 107.128001 19.3919979 107.197333 18.9786687 107.336001 18.568 107.474668 18.1573313 107.701332 17.7653352 108.016001 17.392 108.330669 17.0186648 108.738665 16.6666683 109.240001 16.336 109.741336 16.0053317 110.35733 15.7173346 111.088001 15.472 111.818671 15.2266654 112.669329 15.0266674 113.640001 14.872 114.610672 14.7173326 115.719994 14.6240002 116.968001 14.592L116.968001 13.632C116.968001 12.5333278 116.733336 11.7200026 116.264001 11.192 115.794665 10.6639974 115.117338 10.4 114.232001 10.4 113.591997 10.4 113.061336 10.4746659 112.640001 10.624 112.218665 10.7733341 111.848002 10.9413324 111.528001 11.128 111.207999 11.3146676 110.917335 11.4826659 110.656001 11.632 110.394666 11.7813341 110.104002 11.856 109.784001 11.856 109.506666 11.856 109.272002 11.7840007 109.080001 11.64 108.888 11.4959993 108.733334 11.328001 108.616001 11.136L107.912001 9.872zM130.136001 15.392C130.62667 15.392 131.053332 15.325334 131.416001 15.192 131.778669 15.058666 132.08 14.8746678 132.320001 14.64 132.560002 14.4053322 132.741333 14.1226683 132.864001 13.792 132.986668 13.4613317 133.048001 13.0986686 133.048001 12.704 133.048001 11.8933293 132.805336 11.250669 132.320001 10.776 131.834665 10.301331 131.106672 10.064 130.136001 10.064 129.165329 10.064 128.437336 10.301331 127.952001 10.776 127.466665 11.250669 127.224001 11.8933293 127.224001 12.704 127.224001 13.0880019 127.285333 13.4453317 127.408001 13.776 127.530668 14.1066683 127.712 14.3919988 127.952001 14.632 128.192002 14.8720012 128.495999 15.058666 128.864001 15.192 129.232003 15.325334 129.655998 15.392 130.136001 15.392zM134.600001 24.736C134.600001 24.4159984 134.504002 24.1546677 134.312001 23.952 134.12 23.7493323 133.858669 23.5920006 133.528001 23.48 133.197332 23.3679994 132.81067 23.2853336 132.368001 23.232 131.925332 23.1786664 131.456003 23.1386668 130.960001 23.112 130.463998 23.0853332 129.952003 23.0613334 129.424001 23.04 128.895998 23.0186666 128.381337 22.9760003 127.880001 22.912 127.442665 23.1573346 127.088002 23.4453317 126.816001 23.776 126.543999 24.1066683 126.408001 24.4906645 126.408001 24.928 126.408001 25.2160014 126.48 25.4853321 126.624001 25.736 126.768001 25.9866679 126.997332 26.2026658 127.312001 26.384 127.626669 26.5653342 128.034665 26.7066662 128.536001 26.808 129.037337 26.9093338 129.650664 26.96 130.376001 26.96 131.112004 26.96 131.746665 26.9040006 132.280001 26.792 132.813337 26.6799994 133.253332 26.5253343 133.600001 26.328 133.946669 26.1306657 134.2 25.8960014 134.360001 25.624 134.520002 25.3519986 134.600001 25.0560016 134.600001 24.736zM138.536001 8.144L138.536001 9.616C138.536001 10.0853357 138.253337 10.3733328 137.688001 10.48L136.216001 10.752C136.440002 11.3173362 136.552001 11.9359966 136.552001 12.608 136.552001 13.4186707 136.389336 14.1519967 136.064001 14.808 135.738666 15.4640033 135.288004 16.021331 134.712001 16.48 134.135998 16.938669 133.456005 17.2933321 132.672001 17.544 131.887997 17.7946679 131.042672 17.92 130.136001 17.92 129.815999 17.92 129.506669 17.9040002 129.208001 17.872 128.909333 17.8399998 128.616002 17.7973336 128.328001 17.744 127.815998 18.0533349 127.560001 18.3999981 127.560001 18.784 127.560001 19.1146683 127.711999 19.3573326 128.016001 19.512 128.320002 19.6666674 128.722665 19.7759997 129.224001 19.84 129.725337 19.9040003 130.295998 19.9439999 130.936001 19.96 131.576004 19.9760001 132.231997 20.0106664 132.904001 20.064 133.576004 20.1173336 134.231998 20.210666 134.872001 20.344 135.512004 20.477334 136.082665 20.6879986 136.584001 20.976 137.085337 21.2640014 137.487999 21.6559975 137.792001 22.152 138.096002 22.6480025 138.248001 23.2853294 138.248001 24.064 138.248001 24.789337 138.069336 25.4933299 137.712001 26.176 137.354666 26.8586701 136.837337 27.466664 136.160001 28 135.482664 28.533336 134.650672 28.962665 133.664001 29.288 132.677329 29.613335 131.554674 29.776 130.296001 29.776 129.058661 29.776 127.981339 29.6560012 127.064001 29.416 126.146663 29.1759988 125.384004 28.856002 124.776001 28.456 124.167998 28.055998 123.714669 27.5946693 123.416001 27.072 123.117333 26.5493307 122.968001 26.0053362 122.968001 25.44 122.968001 24.6719962 123.199998 24.0293359 123.664001 23.512 124.128003 22.9946641 124.76533 22.5813349 125.576001 22.272 125.138665 22.0479989 124.792002 21.7493352 124.536001 21.376 124.279999 21.0026648 124.152001 20.512003 124.152001 19.904 124.152001 19.6586654 124.197334 19.4053346 124.288001 19.144 124.378668 18.8826654 124.512 18.6240013 124.688001 18.368 124.864002 18.1119987 125.085333 17.8693345 125.352001 17.64 125.618669 17.4106655 125.933332 17.2053342 126.296001 17.024 125.463997 16.5759978 124.81067 15.9786704 124.336001 15.232 123.861332 14.4853296 123.624001 13.6106717 123.624001 12.608 123.624001 11.7973293 123.786666 11.0640033 124.112001 10.408 124.437336 9.75199672 124.890664 9.19200232 125.472001 8.728 126.053337 8.26399768 126.74133 7.90933456 127.536001 7.664 128.330671 7.41866544 129.197329 7.296 130.136001 7.296 130.840004 7.296 131.501331 7.36799928 132.120001 7.512 132.73867 7.65600072 133.303998 7.86666528 133.816001 8.144L138.536001 8.144zM150.920001 13.904C150.920001 13.3919974 150.848002 12.9093356 150.704001 12.456 150.56 12.0026644 150.344002 11.605335 150.056001 11.264 149.767999 10.922665 149.40267 10.6533343 148.960001 10.456 148.517332 10.2586657 148.00267 10.16 147.416001 10.16 146.274662 10.16 145.376004 10.4853301 144.720001 11.136 144.063998 11.7866699 143.645335 12.7093274 143.464001 13.904L150.920001 13.904zM143.384001 16.288C143.448001 17.1306709 143.597333 17.8586636 143.832001 18.472 144.066669 19.0853364 144.375999 19.591998 144.760001 19.992 145.144003 20.392002 145.599998 20.6906657 146.128001 20.888 146.656003 21.0853343 147.239998 21.184 147.880001 21.184 148.520004 21.184 149.071999 21.1093341 149.536001 20.96 150.000003 20.8106659 150.405332 20.6453342 150.752001 20.464 151.098669 20.2826658 151.402666 20.1173341 151.664001 19.968 151.925335 19.8186659 152.178666 19.744 152.424001 19.744 152.754669 19.744 153 19.8666654 153.160001 20.112L154.296001 21.552C153.858665 22.0640026 153.368004 22.4933316 152.824001 22.84 152.279998 23.1866684 151.712004 23.463999 151.120001 23.672 150.527998 23.880001 149.925337 24.0266662 149.312001 24.112 148.698664 24.1973338 148.104004 24.24 147.528001 24.24 146.386662 24.24 145.325339 24.0506686 144.344001 23.672 143.362663 23.2933314 142.509338 22.733337 141.784001 21.992 141.058664 21.250663 140.488003 20.3333388 140.072001 19.24 139.655999 18.1466612 139.448001 16.8800072 139.448001 15.44 139.448001 14.3199944 139.629332 13.2666716 139.992001 12.28 140.354669 11.2933284 140.874664 10.4346703 141.552001 9.704 142.229338 8.97332968 143.055996 8.3946688 144.032001 7.968 145.008006 7.5413312 146.109328 7.328 147.336001 7.328 148.370673 7.328 149.32533 7.49333168 150.200001 7.824 151.074672 8.15466832 151.826664 8.63733016 152.456001 9.272 153.085337 9.90666984 153.578666 10.6853287 153.936001 11.608 154.293336 12.5306713 154.472001 13.5839941 154.472001 14.768 154.472001 15.3653363 154.408001 15.767999 154.280001 15.976 154.152 16.184001 153.906669 16.288 153.544001 16.288L143.384001 16.288zM168.408001 10.208C168.354667 10.2613336 168.304001 10.3066665 168.256001 10.344 168.208001 10.3813335 168.141335 10.4 168.056001 10.4 167.949334 10.4 167.805335 10.3280007 167.624001 10.184 167.442667 10.0399993 167.197336 9.88266752 166.888001 9.712 166.578666 9.54133248 166.192003 9.38400072 165.728001 9.24 165.263999 9.09599928 164.701338 9.024 164.040001 9.024 163.122663 9.024 162.309338 9.18666504 161.600001 9.512 160.890664 9.83733496 160.29067 10.303997 159.800001 10.912 159.309332 11.520003 158.938669 12.2559957 158.688001 13.12 158.437333 13.9840043 158.312001 14.9546613 158.312001 16.032 158.312001 17.1520056 158.442666 18.1439957 158.704001 19.008 158.965336 19.8720043 159.335999 20.599997 159.816001 21.192 160.296003 21.784003 160.877331 22.2346651 161.560001 22.544 162.242671 22.8533349 162.999997 23.008 163.832001 23.008 164.600005 23.008 165.242665 22.9173342 165.760001 22.736 166.277337 22.5546658 166.703999 22.3573344 167.040001 22.144 167.376003 21.9306656 167.64 21.7333342 167.832001 21.552 168.024002 21.3706658 168.184 21.28 168.312001 21.28 168.440002 21.28 168.546667 21.3333328 168.632001 21.44L169.032001 21.952C168.786666 22.2720016 168.477336 22.5706653 168.104001 22.848 167.730666 23.1253347 167.309337 23.3653323 166.840001 23.568 166.370665 23.7706677 165.861337 23.9279994 165.312001 24.04 164.762665 24.1520006 164.189337 24.208 163.592001 24.208 162.578663 24.208 161.653339 24.0240018 160.816001 23.656 159.978663 23.2879982 159.258671 22.7546702 158.656001 22.056 158.053331 21.3573298 157.584003 20.5013384 157.248001 19.488 156.911999 18.4746616 156.744001 17.3226731 156.744001 16.032 156.744001 14.8159939 156.903999 13.7066717 157.224001 12.704 157.544003 11.7013283 158.013331 10.837337 158.632001 10.112 159.250671 9.38666304 160.00533 8.824002 160.896001 8.424 161.786672 8.023998 162.807995 7.824 163.960001 7.824 164.994673 7.824 165.911997 7.98933168 166.712001 8.32 167.512005 8.65066832 168.210665 9.09866384 168.808001 9.664L168.408001 10.208zM174.072001.72L174.072001 24 172.536001 24 172.536001.72 174.072001.72zM185.368001 7.824C186.50934 7.824 187.530663 8.01866472 188.432001 8.408 189.333339 8.79733528 190.093332 9.34932976 190.712001 10.064 191.330671 10.7786702 191.802666 11.639995 192.128001 12.648 192.453336 13.656005 192.616001 14.7839938 192.616001 16.032 192.616001 17.2800062 192.453336 18.4053283 192.128001 19.408 191.802666 20.4106717 191.330671 21.2693298 190.712001 21.984 190.093332 22.6986702 189.333339 23.2479981 188.432001 23.632 187.530663 24.0160019 186.50934 24.208 185.368001 24.208 184.226662 24.208 183.205339 24.0160019 182.304001 23.632 181.402663 23.2479981 180.640004 22.6986702 180.016001 21.984 179.391998 21.2693298 178.917336 20.4106717 178.592001 19.408 178.266666 18.4053283 178.104001 17.2800062 178.104001 16.032 178.104001 14.7839938 178.266666 13.656005 178.592001 12.648 178.917336 11.639995 179.391998 10.7786702 180.016001 10.064 180.640004 9.34932976 181.402663 8.79733528 182.304001 8.408 183.205339 8.01866472 184.226662 7.824 185.368001 7.824zM185.368001 23.008C186.317339 23.008 187.146664 22.845335 187.856001 22.52 188.565338 22.194665 189.157332 21.728003 189.632001 21.12 190.10667 20.511997 190.461333 19.778671 190.696001 18.92 190.930669 18.061329 191.048001 17.098672 191.048001 16.032 191.048001 14.9759947 190.930669 14.0160043 190.696001 13.152 190.461333 12.2879957 190.10667 11.5493364 189.632001 10.936 189.157332 10.3226636 188.565338 9.85066832 187.856001 9.52 187.146664 9.18933168 186.317339 9.024 185.368001 9.024 184.418663 9.024 183.589338 9.18933168 182.880001 9.52 182.170664 9.85066832 181.57867 10.3226636 181.104001 10.936 180.629332 11.5493364 180.272002 12.2879957 180.032001 13.152 179.792 14.0160043 179.672001 14.9759947 179.672001 16.032 179.672001 17.098672 179.792 18.061329 180.032001 18.92 180.272002 19.778671 180.629332 20.511997 181.104001 21.12 181.57867 21.728003 182.170664 22.194665 182.880001 22.52 183.589338 22.845335 184.418663 23.008 185.368001 23.008zM208.872001 8.08L208.872001 24 208.024001 24C207.757333 24 207.602668 23.8613347 207.560001 23.584L207.416001 21.216C206.679998 22.1333379 205.82934 22.8693306 204.864001 23.424 203.898663 23.9786694 202.824007 24.256 201.640001 24.256 200.754664 24.256 199.981338 24.1173347 199.320001 23.84 198.658665 23.5626653 198.109337 23.1626693 197.672001 22.64 197.234666 22.1173307 196.904003 21.4880037 196.680001 20.752 196.456 20.0159963 196.344001 19.1840046 196.344001 18.256L196.344001 8.08 197.880001 8.08 197.880001 18.256C197.880001 19.7493408 198.221331 20.9199958 198.904001 21.768 199.586672 22.6160042 200.626661 23.04 202.024001 23.04 203.058673 23.04 204.026664 22.7760026 204.928001 22.248 205.829339 21.7199974 206.631998 20.9866714 207.336001 20.048L207.336001 8.08 208.872001 8.08zM224.568002 11.504C223.959999 10.5866621 223.285339 9.9413352 222.544002 9.568 221.802665 9.1946648 220.95734 9.008 220.008002 9.008 219.06933 9.008 218.248005 9.17866496 217.544002 9.52 216.839998 9.86133504 216.250671 10.3439969 215.776002 10.968 215.301333 11.5920031 214.944003 12.3386623 214.704002 13.208 214.464 14.0773377 214.344002 15.0346614 214.344002 16.08 214.344002 18.4480118 214.778664 20.1893278 215.648002 21.304 216.517339 22.4186722 217.773327 22.976 219.416002 22.976 220.46134 22.976 221.415997 22.7040027 222.280002 22.16 223.144006 21.6159973 223.906665 20.8533382 224.568002 19.872L224.568002 11.504zM226.088002.72L226.088002 24 225.256002 24C224.978667 24 224.818668 23.8613347 224.776002 23.584L224.616002 21.072C223.911998 22.0320048 223.090673 22.7946638 222.152002 23.36 221.21333 23.9253362 220.157341 24.208 218.984002 24.208 217.021325 24.208 215.496007 23.5306734 214.408002 22.176 213.319996 20.8213266 212.776002 18.7893469 212.776002 16.08 212.776002 14.9173275 212.928 13.832005 213.232002 12.824 213.536003 11.815995 213.981332 10.941337 214.568002 10.2 215.154671 9.45866296 215.877331 8.8746688 216.736002 8.448 217.594673 8.0213312 218.583996 7.808 219.704002 7.808 220.78134 7.808 221.714664 8.00533136 222.504002 8.4 223.293339 8.79466864 223.981332 9.38132944 224.568002 10.16L224.568002.72 226.088002.72z" fill="#FFF"></path>
</g>
</svg>
</a> </div>
</div>
<div class="footer-columns">
<div class="footer-group">
<div class="header">Company</div>
<ul>
<li><span class="hosted"><a class="footer-link" href="https://packagecloud.io/contact">Contact Us</a></span></li>
<li><span><a class="footer-link" href="https://blog.packagecloud.io">Blog</a></span></li>
<li><span class="hosted"><a class="footer-link" href="http://bit.ly/packagecloud-users">Slack</a></span></li>
<li><span><a class="footer-link" href="https://packagecloud.io/pricing">Pricing</a></span></li>
</ul>
</div>
<div class="footer-group">
<div class="header">Support</div>
<ul>
<li><span class="hosted"><a class="footer-link" href="mailto:support@packagecloud.io">Contact Support</a></span></li>
<li><span class="hosted"><a class="footer-link" href="http://www.packagecloudstatus.io/">Status</a></span></li>
<li><span><a class="footer-link" href="https://packagecloud.io/docs/security">Security</a></span></li>
<li><span><a class="footer-link" href="https://packagecloud.io/docs/security#firewall">Firewall</a></span></li>
</ul>
</div>
<div class="footer-group">
<div class="header">Package Management &amp; Hosting</div>
<ul>
<li><span><a class="footer-link" href="https://packagecloud.io/l/npm-registry">NPM Registry</a></span></li>
<li><span><a class="footer-link" href="https://packagecloud.io/l/apt-repository">Debian Packages</a></span></li>
<li><span><a class="footer-link" href="https://packagecloud.io/l/maven-repository">Maven Repository</a></span></li>
<li><span><a class="footer-link" href="https://packagecloud.io/l/yum-repository">RPM Packages</a></span></li>
<li><span><a class="footer-link" href="https://packagecloud.io/l/rubygem-repository">RubyGem Packages</a></span></li>
<li><span><a class="footer-link" href="https://packagecloud.io/l/pypi-repository">Python Packages</a></span></li>
</ul>
</div>
<div class="footer-group">
<div class="header">CI Integrations</div>
<ul>
<li><span><a class="footer-link" href="https://packagecloud.io/docs#circle_ci">CircleCI</a></span></li>
<li><span><a class="footer-link" href="https://packagecloud.io/docs#travis">Travis CI</a></span></li>
<li><span><a class="footer-link" href="https://packagecloud.io/docs#jenkins">Jenkins</a></span></li>
<li><span><a class="footer-link" href="https://packagecloud.io/docs#buildkite">Buildkite</a></span></li>
</ul>
</div>
<div class="footer-group">
<div class="header">Build Tool Integrations</div>
<ul>
<li><span><a class="footer-link" href="https://packagecloud.io/docs#maven_deploy">Maven Deployment</a></span></li>
<li><span><a class="footer-link" href="https://packagecloud.io/docs#lein_deploy">Lein Deployment</a></span></li>
<li><span><a class="footer-link" href="https://packagecloud.io/docs#gradle_deploy">Gradle Deployment</a></span></li>
<li><span><a class="footer-link" href="https://packagecloud.io/docs#sbt_deploy">SBT Deployment</a></span></li>
</ul>
</div>
<div class="footer-group">
<div class="header">Legal</div>
<ul>
<li><span><a class="footer-link" href="https://packagecloud.io/legal/tos">Terms of Service</a></span></li>
<li><span><a class="footer-link" href="https://packagecloud.io/legal/privacy">Privacy Policy</a></span></li>
<li><span><a class="footer-link" href="https://packagecloud.io/docs/security#pci">PCI Compliance</a></span></li>
</ul>
</div>
</div>
<div class="status-section">
<div class="mail-link">
<a href="mailto:support@packagecloud.io">support@packagecloud</a>
</div>
<div class="status-container">
<span class="status"><a href="http://www.packagecloudstatus.io/">STATUS</a> </span>
</div>
</div>
</footer>
</div>
<script type="text/javascript">
window.AirbrakeConfig = {
  project_id: '115046',
  api_key: '11d8ef0c2920804eff345294fbf1667f',
  environment: 'production'
};
</script>
<script type="application/javascript">
  (function(i,s,o,g,r,a,m){i['GoogleAnalyticsObject']=r;i[r]=i[r]||function(){
  (i[r].q=i[r].q||[]).push(arguments)},i[r].l=1*new Date();a=s.createElement(o),
  m=s.getElementsByTagName(o)[0];a.async=1;a.src=g;m.parentNode.insertBefore(a,m)
  })(window,document,'script','//www.google-analytics.com/analytics.js','ga');

  ga('create', 'UA-49973003-1', 'packagecloud.io');
  ga('send', 'pageview');
</script>
<script src="https://cdn.statuspage.io/se-v2.js" type="text/javascript"></script>
<script src="https://assets-production.packagecloud.io/assets/packs/logged_out_homes-0e17b0b614530f3aefe2.js"></script>
<div class="cookie-popover" id="cookie-popover" style="display: flex;">
<p>We use cookies to enhance the user experience on packagecloud.<br/>By using our site, you acknowledge that you have read, understand, and agree to our <br/> <a href="https://packagecloud.io/legal/cookies">Cookie Policy</a>, <a href="https://packagecloud.io/legal/privacy">Privacy Policy</a>, and our <a href="https://packagecloud.io/legal/tos">Terms of Service</a>.<br/> By continuing to browse this site you are agreeing to our use of cookies.</p>
<div class="button-container">
<a class="btn close" href="javascript:;" id="cookie-consent" onclick="closeCookiePopover()"><span class="glyphicon glyphicon-ok"></span></a>
</div>
</div>
</body></html>